/*--------------------------------*- C++ -*----------------------------------*\
  =========                 |
  \\      /  F ield         | OpenFOAM: The Open Source CFD Toolbox
   \\    /   O peration     | Website:  https://openfoam.org
    \\  /    A nd           | Version:  10
     \\/     M anipulation  |
\*---------------------------------------------------------------------------*/
FoamFile
{
    format      ascii;
    class       cellSet;
    location    "constant/polyMesh/sets";
    object      obstacleCell;
}
// * * * * * * * * * * * * * * * * * * * * * * * * * * * * * * * * * * * * * //


1248
(
28688 
24592 
20496 
16400 
12304 
8208 
4112 
16 
28689 
24593 
20497 
16401 
12305 
8209 
4113 
17 
28690 
24594 
20498 
16402 
12306 
8210 
4114 
18 
28720 
24624 
20528 
16432 
12336 
8240 
4144 
48 
28721 
24625 
20529 
16433 
12337 
8241 
4145 
49 
28722 
24626 
20530 
16434 
12338 
8242 
4146 
50 
28752 
24656 
20560 
16464 
12368 
8272 
4176 
80 
28753 
24657 
20561 
16465 
12369 
8273 
4177 
81 
28754 
24658 
20562 
16466 
12370 
8274 
4178 
82 
28784 
24688 
20592 
16496 
12400 
8304 
4208 
112 
28785 
24689 
20593 
16497 
12401 
8305 
4209 
113 
28786 
24690 
20594 
16498 
12402 
8306 
4210 
114 
28816 
24720 
20624 
16528 
12432 
8336 
4240 
144 
28817 
24721 
20625 
16529 
12433 
8337 
4241 
145 
28818 
24722 
20626 
16530 
12434 
8338 
4242 
146 
28848 
24752 
20656 
16560 
12464 
8368 
4272 
176 
28849 
24753 
20657 
16561 
12465 
8369 
4273 
177 
28850 
24754 
20658 
16562 
12466 
8370 
4274 
178 
28880 
24784 
20688 
16592 
12496 
8400 
4304 
208 
28881 
24785 
20689 
16593 
12497 
8401 
4305 
209 
28882 
24786 
20690 
16594 
12498 
8402 
4306 
210 
28912 
24816 
20720 
16624 
12528 
8432 
4336 
240 
28913 
24817 
20721 
16625 
12529 
8433 
4337 
241 
28914 
24818 
20722 
16626 
12530 
8434 
4338 
242 
28944 
24848 
20752 
16656 
12560 
8464 
4368 
272 
28945 
24849 
20753 
16657 
12561 
8465 
4369 
273 
28946 
24850 
20754 
16658 
12562 
8466 
4370 
274 
28976 
24880 
20784 
16688 
12592 
8496 
4400 
304 
28977 
24881 
20785 
16689 
12593 
8497 
4401 
305 
28978 
24882 
20786 
16690 
12594 
8498 
4402 
306 
29008 
24912 
20816 
16720 
12624 
8528 
4432 
336 
29009 
24913 
20817 
16721 
12625 
8529 
4433 
337 
29010 
24914 
20818 
16722 
12626 
8530 
4434 
338 
29040 
24944 
20848 
16752 
12656 
8560 
4464 
368 
29041 
24945 
20849 
16753 
12657 
8561 
4465 
369 
29042 
24946 
20850 
16754 
12658 
8562 
4466 
370 
29072 
24976 
20880 
16784 
12688 
8592 
4496 
400 
29073 
24977 
20881 
16785 
12689 
8593 
4497 
401 
29074 
24978 
20882 
16786 
12690 
8594 
4498 
402 
29712 
25616 
21520 
17424 
13328 
9232 
5136 
1040 
29713 
25617 
21521 
17425 
13329 
9233 
5137 
1041 
29714 
25618 
21522 
17426 
13330 
9234 
5138 
1042 
29744 
25648 
21552 
17456 
13360 
9264 
5168 
1072 
29745 
25649 
21553 
17457 
13361 
9265 
5169 
1073 
29746 
25650 
21554 
17458 
13362 
9266 
5170 
1074 
29776 
25680 
21584 
17488 
13392 
9296 
5200 
1104 
29777 
25681 
21585 
17489 
13393 
9297 
5201 
1105 
29778 
25682 
21586 
17490 
13394 
9298 
5202 
1106 
29808 
25712 
21616 
17520 
13424 
9328 
5232 
1136 
29809 
25713 
21617 
17521 
13425 
9329 
5233 
1137 
29810 
25714 
21618 
17522 
13426 
9330 
5234 
1138 
29840 
25744 
21648 
17552 
13456 
9360 
5264 
1168 
29841 
25745 
21649 
17553 
13457 
9361 
5265 
1169 
29842 
25746 
21650 
17554 
13458 
9362 
5266 
1170 
29872 
25776 
21680 
17584 
13488 
9392 
5296 
1200 
29873 
25777 
21681 
17585 
13489 
9393 
5297 
1201 
29874 
25778 
21682 
17586 
13490 
9394 
5298 
1202 
29904 
25808 
21712 
17616 
13520 
9424 
5328 
1232 
29905 
25809 
21713 
17617 
13521 
9425 
5329 
1233 
29906 
25810 
21714 
17618 
13522 
9426 
5330 
1234 
29936 
25840 
21744 
17648 
13552 
9456 
5360 
1264 
29937 
25841 
21745 
17649 
13553 
9457 
5361 
1265 
29938 
25842 
21746 
17650 
13554 
9458 
5362 
1266 
29968 
25872 
21776 
17680 
13584 
9488 
5392 
1296 
29969 
25873 
21777 
17681 
13585 
9489 
5393 
1297 
29970 
25874 
21778 
17682 
13586 
9490 
5394 
1298 
30000 
25904 
21808 
17712 
13616 
9520 
5424 
1328 
30001 
25905 
21809 
17713 
13617 
9521 
5425 
1329 
30002 
25906 
21810 
17714 
13618 
9522 
5426 
1330 
30032 
25936 
21840 
17744 
13648 
9552 
5456 
1360 
30033 
25937 
21841 
17745 
13649 
9553 
5457 
1361 
30034 
25938 
21842 
17746 
13650 
9554 
5458 
1362 
30064 
25968 
21872 
17776 
13680 
9584 
5488 
1392 
30065 
25969 
21873 
17777 
13681 
9585 
5489 
1393 
30066 
25970 
21874 
17778 
13682 
9586 
5490 
1394 
30096 
26000 
21904 
17808 
13712 
9616 
5520 
1424 
30097 
26001 
21905 
17809 
13713 
9617 
5521 
1425 
30098 
26002 
21906 
17810 
13714 
9618 
5522 
1426 
30736 
26640 
22544 
18448 
14352 
10256 
6160 
2064 
30737 
26641 
22545 
18449 
14353 
10257 
6161 
2065 
30738 
26642 
22546 
18450 
14354 
10258 
6162 
2066 
30768 
26672 
22576 
18480 
14384 
10288 
6192 
2096 
30769 
26673 
22577 
18481 
14385 
10289 
6193 
2097 
30770 
26674 
22578 
18482 
14386 
10290 
6194 
2098 
30800 
26704 
22608 
18512 
14416 
10320 
6224 
2128 
30801 
26705 
22609 
18513 
14417 
10321 
6225 
2129 
30802 
26706 
22610 
18514 
14418 
10322 
6226 
2130 
30832 
26736 
22640 
18544 
14448 
10352 
6256 
2160 
30833 
26737 
22641 
18545 
14449 
10353 
6257 
2161 
30834 
26738 
22642 
18546 
14450 
10354 
6258 
2162 
30864 
26768 
22672 
18576 
14480 
10384 
6288 
2192 
30865 
26769 
22673 
18577 
14481 
10385 
6289 
2193 
30866 
26770 
22674 
18578 
14482 
10386 
6290 
2194 
30896 
26800 
22704 
18608 
14512 
10416 
6320 
2224 
30897 
26801 
22705 
18609 
14513 
10417 
6321 
2225 
30898 
26802 
22706 
18610 
14514 
10418 
6322 
2226 
30928 
26832 
22736 
18640 
14544 
10448 
6352 
2256 
30929 
26833 
22737 
18641 
14545 
10449 
6353 
2257 
30930 
26834 
22738 
18642 
14546 
10450 
6354 
2258 
30960 
26864 
22768 
18672 
14576 
10480 
6384 
2288 
30961 
26865 
22769 
18673 
14577 
10481 
6385 
2289 
30962 
26866 
22770 
18674 
14578 
10482 
6386 
2290 
30992 
26896 
22800 
18704 
14608 
10512 
6416 
2320 
30993 
26897 
22801 
18705 
14609 
10513 
6417 
2321 
30994 
26898 
22802 
18706 
14610 
10514 
6418 
2322 
31024 
26928 
22832 
18736 
14640 
10544 
6448 
2352 
31025 
26929 
22833 
18737 
14641 
10545 
6449 
2353 
31026 
26930 
22834 
18738 
14642 
10546 
6450 
2354 
31056 
26960 
22864 
18768 
14672 
10576 
6480 
2384 
31057 
26961 
22865 
18769 
14673 
10577 
6481 
2385 
31058 
26962 
22866 
18770 
14674 
10578 
6482 
2386 
31088 
26992 
22896 
18800 
14704 
10608 
6512 
2416 
31089 
26993 
22897 
18801 
14705 
10609 
6513 
2417 
31090 
26994 
22898 
18802 
14706 
10610 
6514 
2418 
31120 
27024 
22928 
18832 
14736 
10640 
6544 
2448 
31121 
27025 
22929 
18833 
14737 
10641 
6545 
2449 
31122 
27026 
22930 
18834 
14738 
10642 
6546 
2450 
31760 
27664 
23568 
19472 
15376 
11280 
7184 
3088 
31761 
27665 
23569 
19473 
15377 
11281 
7185 
3089 
31762 
27666 
23570 
19474 
15378 
11282 
7186 
3090 
31792 
27696 
23600 
19504 
15408 
11312 
7216 
3120 
31793 
27697 
23601 
19505 
15409 
11313 
7217 
3121 
31794 
27698 
23602 
19506 
15410 
11314 
7218 
3122 
31824 
27728 
23632 
19536 
15440 
11344 
7248 
3152 
31825 
27729 
23633 
19537 
15441 
11345 
7249 
3153 
31826 
27730 
23634 
19538 
15442 
11346 
7250 
3154 
31856 
27760 
23664 
19568 
15472 
11376 
7280 
3184 
31857 
27761 
23665 
19569 
15473 
11377 
7281 
3185 
31858 
27762 
23666 
19570 
15474 
11378 
7282 
3186 
31888 
27792 
23696 
19600 
15504 
11408 
7312 
3216 
31889 
27793 
23697 
19601 
15505 
11409 
7313 
3217 
31890 
27794 
23698 
19602 
15506 
11410 
7314 
3218 
31920 
27824 
23728 
19632 
15536 
11440 
7344 
3248 
31921 
27825 
23729 
19633 
15537 
11441 
7345 
3249 
31922 
27826 
23730 
19634 
15538 
11442 
7346 
3250 
31952 
27856 
23760 
19664 
15568 
11472 
7376 
3280 
31953 
27857 
23761 
19665 
15569 
11473 
7377 
3281 
31954 
27858 
23762 
19666 
15570 
11474 
7378 
3282 
31984 
27888 
23792 
19696 
15600 
11504 
7408 
3312 
31985 
27889 
23793 
19697 
15601 
11505 
7409 
3313 
31986 
27890 
23794 
19698 
15602 
11506 
7410 
3314 
32016 
27920 
23824 
19728 
15632 
11536 
7440 
3344 
32017 
27921 
23825 
19729 
15633 
11537 
7441 
3345 
32018 
27922 
23826 
19730 
15634 
11538 
7442 
3346 
32048 
27952 
23856 
19760 
15664 
11568 
7472 
3376 
32049 
27953 
23857 
19761 
15665 
11569 
7473 
3377 
32050 
27954 
23858 
19762 
15666 
11570 
7474 
3378 
32080 
27984 
23888 
19792 
15696 
11600 
7504 
3408 
32081 
27985 
23889 
19793 
15697 
11601 
7505 
3409 
32082 
27986 
23890 
19794 
15698 
11602 
7506 
3410 
32112 
28016 
23920 
19824 
15728 
11632 
7536 
3440 
32113 
28017 
23921 
19825 
15729 
11633 
7537 
3441 
32114 
28018 
23922 
19826 
15730 
11634 
7538 
3442 
32144 
28048 
23952 
19856 
15760 
11664 
7568 
3472 
32145 
28049 
23953 
19857 
15761 
11665 
7569 
3473 
32146 
28050 
23954 
19858 
15762 
11666 
7570 
3474 
)

// ************************************************************************* //
