/*--------------------------------*- C++ -*----------------------------------*\
  =========                 |
  \\      /  F ield         | OpenFOAM: The Open Source CFD Toolbox
   \\    /   O peration     | Website:  https://openfoam.org
    \\  /    A nd           | Version:  10
     \\/     M anipulation  |
\*---------------------------------------------------------------------------*/
FoamFile
{
    format      ascii;
    class       faceList;
    location    "constant/polyMesh";
    object      faces;
}
// * * * * * * * * * * * * * * * * * * * * * * * * * * * * * * * * * * * * * //


4224
(
4(1 22 211 190)
4(21 210 211 22)
4(189 190 211 210)
4(2 23 212 191)
4(22 211 212 23)
4(190 191 212 211)
4(3 24 213 192)
4(23 212 213 24)
4(191 192 213 212)
4(4 25 214 193)
4(24 213 214 25)
4(192 193 214 213)
4(5 26 215 194)
4(25 214 215 26)
4(193 194 215 214)
4(6 27 216 195)
4(26 215 216 27)
4(194 195 216 215)
4(7 28 217 196)
4(27 216 217 28)
4(195 196 217 216)
4(8 29 218 197)
4(28 217 218 29)
4(196 197 218 217)
4(9 30 219 198)
4(29 218 219 30)
4(197 198 219 218)
4(10 31 220 199)
4(30 219 220 31)
4(198 199 220 219)
4(11 32 221 200)
4(31 220 221 32)
4(199 200 221 220)
4(12 33 222 201)
4(32 221 222 33)
4(200 201 222 221)
4(13 34 223 202)
4(33 222 223 34)
4(201 202 223 222)
4(14 35 224 203)
4(34 223 224 35)
4(202 203 224 223)
4(15 36 225 204)
4(35 224 225 36)
4(203 204 225 224)
4(16 37 226 205)
4(36 225 226 37)
4(204 205 226 225)
4(17 38 227 206)
4(37 226 227 38)
4(205 206 227 226)
4(18 39 228 207)
4(38 227 228 39)
4(206 207 228 227)
4(19 40 229 208)
4(39 228 229 40)
4(207 208 229 228)
4(40 229 230 41)
4(208 209 230 229)
4(22 43 232 211)
4(42 231 232 43)
4(210 211 232 231)
4(23 44 233 212)
4(43 232 233 44)
4(211 212 233 232)
4(24 45 234 213)
4(44 233 234 45)
4(212 213 234 233)
4(25 46 235 214)
4(45 234 235 46)
4(213 214 235 234)
4(26 47 236 215)
4(46 235 236 47)
4(214 215 236 235)
4(27 48 237 216)
4(47 236 237 48)
4(215 216 237 236)
4(28 49 238 217)
4(48 237 238 49)
4(216 217 238 237)
4(29 50 239 218)
4(49 238 239 50)
4(217 218 239 238)
4(30 51 240 219)
4(50 239 240 51)
4(218 219 240 239)
4(31 52 241 220)
4(51 240 241 52)
4(219 220 241 240)
4(32 53 242 221)
4(52 241 242 53)
4(220 221 242 241)
4(33 54 243 222)
4(53 242 243 54)
4(221 222 243 242)
4(34 55 244 223)
4(54 243 244 55)
4(222 223 244 243)
4(35 56 245 224)
4(55 244 245 56)
4(223 224 245 244)
4(36 57 246 225)
4(56 245 246 57)
4(224 225 246 245)
4(37 58 247 226)
4(57 246 247 58)
4(225 226 247 246)
4(38 59 248 227)
4(58 247 248 59)
4(226 227 248 247)
4(39 60 249 228)
4(59 248 249 60)
4(227 228 249 248)
4(40 61 250 229)
4(60 249 250 61)
4(228 229 250 249)
4(61 250 251 62)
4(229 230 251 250)
4(43 64 253 232)
4(63 252 253 64)
4(231 232 253 252)
4(44 65 254 233)
4(64 253 254 65)
4(232 233 254 253)
4(45 66 255 234)
4(65 254 255 66)
4(233 234 255 254)
4(46 67 256 235)
4(66 255 256 67)
4(234 235 256 255)
4(47 68 257 236)
4(67 256 257 68)
4(235 236 257 256)
4(48 69 258 237)
4(68 257 258 69)
4(236 237 258 257)
4(49 70 259 238)
4(69 258 259 70)
4(237 238 259 258)
4(50 71 260 239)
4(70 259 260 71)
4(238 239 260 259)
4(51 72 261 240)
4(71 260 261 72)
4(239 240 261 260)
4(52 73 262 241)
4(72 261 262 73)
4(240 241 262 261)
4(53 74 263 242)
4(73 262 263 74)
4(241 242 263 262)
4(54 75 264 243)
4(74 263 264 75)
4(242 243 264 263)
4(55 76 265 244)
4(75 264 265 76)
4(243 244 265 264)
4(56 77 266 245)
4(76 265 266 77)
4(244 245 266 265)
4(57 78 267 246)
4(77 266 267 78)
4(245 246 267 266)
4(58 79 268 247)
4(78 267 268 79)
4(246 247 268 267)
4(59 80 269 248)
4(79 268 269 80)
4(247 248 269 268)
4(60 81 270 249)
4(80 269 270 81)
4(248 249 270 269)
4(61 82 271 250)
4(81 270 271 82)
4(249 250 271 270)
4(82 271 272 83)
4(250 251 272 271)
4(64 85 274 253)
4(84 273 274 85)
4(252 253 274 273)
4(65 86 275 254)
4(85 274 275 86)
4(253 254 275 274)
4(66 87 276 255)
4(86 275 276 87)
4(254 255 276 275)
4(67 88 277 256)
4(87 276 277 88)
4(255 256 277 276)
4(68 89 278 257)
4(88 277 278 89)
4(256 257 278 277)
4(69 90 279 258)
4(89 278 279 90)
4(257 258 279 278)
4(70 91 280 259)
4(90 279 280 91)
4(258 259 280 279)
4(71 92 281 260)
4(91 280 281 92)
4(259 260 281 280)
4(72 93 282 261)
4(92 281 282 93)
4(260 261 282 281)
4(73 94 283 262)
4(93 282 283 94)
4(261 262 283 282)
4(74 95 284 263)
4(94 283 284 95)
4(262 263 284 283)
4(75 96 285 264)
4(95 284 285 96)
4(263 264 285 284)
4(76 97 286 265)
4(96 285 286 97)
4(264 265 286 285)
4(77 98 287 266)
4(97 286 287 98)
4(265 266 287 286)
4(78 99 288 267)
4(98 287 288 99)
4(266 267 288 287)
4(79 100 289 268)
4(99 288 289 100)
4(267 268 289 288)
4(80 101 290 269)
4(100 289 290 101)
4(268 269 290 289)
4(81 102 291 270)
4(101 290 291 102)
4(269 270 291 290)
4(82 103 292 271)
4(102 291 292 103)
4(270 271 292 291)
4(103 292 293 104)
4(271 272 293 292)
4(85 106 295 274)
4(105 294 295 106)
4(273 274 295 294)
4(86 107 296 275)
4(106 295 296 107)
4(274 275 296 295)
4(87 108 297 276)
4(107 296 297 108)
4(275 276 297 296)
4(88 109 298 277)
4(108 297 298 109)
4(276 277 298 297)
4(89 110 299 278)
4(109 298 299 110)
4(277 278 299 298)
4(90 111 300 279)
4(110 299 300 111)
4(278 279 300 299)
4(91 112 301 280)
4(111 300 301 112)
4(279 280 301 300)
4(92 113 302 281)
4(112 301 302 113)
4(280 281 302 301)
4(93 114 303 282)
4(113 302 303 114)
4(281 282 303 302)
4(94 115 304 283)
4(114 303 304 115)
4(282 283 304 303)
4(95 116 305 284)
4(115 304 305 116)
4(283 284 305 304)
4(96 117 306 285)
4(116 305 306 117)
4(284 285 306 305)
4(97 118 307 286)
4(117 306 307 118)
4(285 286 307 306)
4(98 119 308 287)
4(118 307 308 119)
4(286 287 308 307)
4(99 120 309 288)
4(119 308 309 120)
4(287 288 309 308)
4(100 121 310 289)
4(120 309 310 121)
4(288 289 310 309)
4(101 122 311 290)
4(121 310 311 122)
4(289 290 311 310)
4(102 123 312 291)
4(122 311 312 123)
4(290 291 312 311)
4(103 124 313 292)
4(123 312 313 124)
4(291 292 313 312)
4(124 313 314 125)
4(292 293 314 313)
4(106 127 316 295)
4(126 315 316 127)
4(294 295 316 315)
4(107 128 317 296)
4(127 316 317 128)
4(295 296 317 316)
4(108 129 318 297)
4(128 317 318 129)
4(296 297 318 317)
4(109 130 319 298)
4(129 318 319 130)
4(297 298 319 318)
4(110 131 320 299)
4(130 319 320 131)
4(298 299 320 319)
4(111 132 321 300)
4(131 320 321 132)
4(299 300 321 320)
4(112 133 322 301)
4(132 321 322 133)
4(300 301 322 321)
4(113 134 323 302)
4(133 322 323 134)
4(301 302 323 322)
4(114 135 324 303)
4(134 323 324 135)
4(302 303 324 323)
4(115 136 325 304)
4(135 324 325 136)
4(303 304 325 324)
4(116 137 326 305)
4(136 325 326 137)
4(304 305 326 325)
4(117 138 327 306)
4(137 326 327 138)
4(305 306 327 326)
4(118 139 328 307)
4(138 327 328 139)
4(306 307 328 327)
4(119 140 329 308)
4(139 328 329 140)
4(307 308 329 328)
4(120 141 330 309)
4(140 329 330 141)
4(308 309 330 329)
4(121 142 331 310)
4(141 330 331 142)
4(309 310 331 330)
4(122 143 332 311)
4(142 331 332 143)
4(310 311 332 331)
4(123 144 333 312)
4(143 332 333 144)
4(311 312 333 332)
4(124 145 334 313)
4(144 333 334 145)
4(312 313 334 333)
4(145 334 335 146)
4(313 314 335 334)
4(127 148 337 316)
4(147 336 337 148)
4(315 316 337 336)
4(128 149 338 317)
4(148 337 338 149)
4(316 317 338 337)
4(129 150 339 318)
4(149 338 339 150)
4(317 318 339 338)
4(130 151 340 319)
4(150 339 340 151)
4(318 319 340 339)
4(131 152 341 320)
4(151 340 341 152)
4(319 320 341 340)
4(132 153 342 321)
4(152 341 342 153)
4(320 321 342 341)
4(133 154 343 322)
4(153 342 343 154)
4(321 322 343 342)
4(134 155 344 323)
4(154 343 344 155)
4(322 323 344 343)
4(135 156 345 324)
4(155 344 345 156)
4(323 324 345 344)
4(136 157 346 325)
4(156 345 346 157)
4(324 325 346 345)
4(137 158 347 326)
4(157 346 347 158)
4(325 326 347 346)
4(138 159 348 327)
4(158 347 348 159)
4(326 327 348 347)
4(139 160 349 328)
4(159 348 349 160)
4(327 328 349 348)
4(140 161 350 329)
4(160 349 350 161)
4(328 329 350 349)
4(141 162 351 330)
4(161 350 351 162)
4(329 330 351 350)
4(142 163 352 331)
4(162 351 352 163)
4(330 331 352 351)
4(143 164 353 332)
4(163 352 353 164)
4(331 332 353 352)
4(144 165 354 333)
4(164 353 354 165)
4(332 333 354 353)
4(145 166 355 334)
4(165 354 355 166)
4(333 334 355 354)
4(166 355 356 167)
4(334 335 356 355)
4(148 169 358 337)
4(336 337 358 357)
4(149 170 359 338)
4(337 338 359 358)
4(150 171 360 339)
4(338 339 360 359)
4(151 172 361 340)
4(339 340 361 360)
4(152 173 362 341)
4(340 341 362 361)
4(153 174 363 342)
4(341 342 363 362)
4(154 175 364 343)
4(342 343 364 363)
4(155 176 365 344)
4(343 344 365 364)
4(156 177 366 345)
4(344 345 366 365)
4(157 178 367 346)
4(345 346 367 366)
4(158 179 368 347)
4(346 347 368 367)
4(159 180 369 348)
4(347 348 369 368)
4(160 181 370 349)
4(348 349 370 369)
4(161 182 371 350)
4(349 350 371 370)
4(162 183 372 351)
4(350 351 372 371)
4(163 184 373 352)
4(351 352 373 372)
4(164 185 374 353)
4(352 353 374 373)
4(165 186 375 354)
4(353 354 375 374)
4(166 187 376 355)
4(354 355 376 375)
4(355 356 377 376)
4(190 211 400 379)
4(210 399 400 211)
4(378 379 400 399)
4(191 212 401 380)
4(211 400 401 212)
4(379 380 401 400)
4(192 213 402 381)
4(212 401 402 213)
4(380 381 402 401)
4(193 214 403 382)
4(213 402 403 214)
4(381 382 403 402)
4(194 215 404 383)
4(214 403 404 215)
4(382 383 404 403)
4(195 216 405 384)
4(215 404 405 216)
4(383 384 405 404)
4(196 217 406 385)
4(216 405 406 217)
4(384 385 406 405)
4(197 218 407 386)
4(217 406 407 218)
4(385 386 407 406)
4(198 219 408 387)
4(218 407 408 219)
4(386 387 408 407)
4(199 220 409 388)
4(219 408 409 220)
4(387 388 409 408)
4(200 221 410 389)
4(220 409 410 221)
4(388 389 410 409)
4(201 222 411 390)
4(221 410 411 222)
4(389 390 411 410)
4(202 223 412 391)
4(222 411 412 223)
4(390 391 412 411)
4(203 224 413 392)
4(223 412 413 224)
4(391 392 413 412)
4(204 225 414 393)
4(224 413 414 225)
4(392 393 414 413)
4(205 226 415 394)
4(225 414 415 226)
4(393 394 415 414)
4(206 227 416 395)
4(226 415 416 227)
4(394 395 416 415)
4(207 228 417 396)
4(227 416 417 228)
4(395 396 417 416)
4(208 229 418 397)
4(228 417 418 229)
4(396 397 418 417)
4(229 418 419 230)
4(397 398 419 418)
4(211 232 421 400)
4(231 420 421 232)
4(399 400 421 420)
4(212 233 422 401)
4(232 421 422 233)
4(400 401 422 421)
4(213 234 423 402)
4(233 422 423 234)
4(401 402 423 422)
4(214 235 424 403)
4(234 423 424 235)
4(402 403 424 423)
4(215 236 425 404)
4(235 424 425 236)
4(403 404 425 424)
4(216 237 426 405)
4(236 425 426 237)
4(404 405 426 425)
4(217 238 427 406)
4(237 426 427 238)
4(405 406 427 426)
4(218 239 428 407)
4(238 427 428 239)
4(406 407 428 427)
4(219 240 429 408)
4(239 428 429 240)
4(407 408 429 428)
4(220 241 430 409)
4(240 429 430 241)
4(408 409 430 429)
4(221 242 431 410)
4(241 430 431 242)
4(409 410 431 430)
4(222 243 432 411)
4(242 431 432 243)
4(410 411 432 431)
4(223 244 433 412)
4(243 432 433 244)
4(411 412 433 432)
4(224 245 434 413)
4(244 433 434 245)
4(412 413 434 433)
4(225 246 435 414)
4(245 434 435 246)
4(413 414 435 434)
4(226 247 436 415)
4(246 435 436 247)
4(414 415 436 435)
4(227 248 437 416)
4(247 436 437 248)
4(415 416 437 436)
4(228 249 438 417)
4(248 437 438 249)
4(416 417 438 437)
4(229 250 439 418)
4(249 438 439 250)
4(417 418 439 438)
4(250 439 440 251)
4(418 419 440 439)
4(232 253 442 421)
4(252 441 442 253)
4(420 421 442 441)
4(233 254 443 422)
4(253 442 443 254)
4(421 422 443 442)
4(234 255 444 423)
4(254 443 444 255)
4(422 423 444 443)
4(235 256 445 424)
4(255 444 445 256)
4(423 424 445 444)
4(236 257 446 425)
4(256 445 446 257)
4(424 425 446 445)
4(237 258 447 426)
4(257 446 447 258)
4(425 426 447 446)
4(238 259 448 427)
4(258 447 448 259)
4(426 427 448 447)
4(239 260 449 428)
4(259 448 449 260)
4(427 428 449 448)
4(240 261 450 429)
4(260 449 450 261)
4(428 429 450 449)
4(241 262 451 430)
4(261 450 451 262)
4(429 430 451 450)
4(242 263 452 431)
4(262 451 452 263)
4(430 431 452 451)
4(243 264 453 432)
4(263 452 453 264)
4(431 432 453 452)
4(244 265 454 433)
4(264 453 454 265)
4(432 433 454 453)
4(245 266 455 434)
4(265 454 455 266)
4(433 434 455 454)
4(246 267 456 435)
4(266 455 456 267)
4(434 435 456 455)
4(247 268 457 436)
4(267 456 457 268)
4(435 436 457 456)
4(248 269 458 437)
4(268 457 458 269)
4(436 437 458 457)
4(249 270 459 438)
4(269 458 459 270)
4(437 438 459 458)
4(250 271 460 439)
4(270 459 460 271)
4(438 439 460 459)
4(271 460 461 272)
4(439 440 461 460)
4(253 274 463 442)
4(273 462 463 274)
4(441 442 463 462)
4(254 275 464 443)
4(274 463 464 275)
4(442 443 464 463)
4(255 276 465 444)
4(275 464 465 276)
4(443 444 465 464)
4(256 277 466 445)
4(276 465 466 277)
4(444 445 466 465)
4(257 278 467 446)
4(277 466 467 278)
4(445 446 467 466)
4(258 279 468 447)
4(278 467 468 279)
4(446 447 468 467)
4(259 280 469 448)
4(279 468 469 280)
4(447 448 469 468)
4(260 281 470 449)
4(280 469 470 281)
4(448 449 470 469)
4(261 282 471 450)
4(281 470 471 282)
4(449 450 471 470)
4(262 283 472 451)
4(282 471 472 283)
4(450 451 472 471)
4(263 284 473 452)
4(283 472 473 284)
4(451 452 473 472)
4(264 285 474 453)
4(284 473 474 285)
4(452 453 474 473)
4(265 286 475 454)
4(285 474 475 286)
4(453 454 475 474)
4(266 287 476 455)
4(286 475 476 287)
4(454 455 476 475)
4(267 288 477 456)
4(287 476 477 288)
4(455 456 477 476)
4(268 289 478 457)
4(288 477 478 289)
4(456 457 478 477)
4(269 290 479 458)
4(289 478 479 290)
4(457 458 479 478)
4(270 291 480 459)
4(290 479 480 291)
4(458 459 480 479)
4(271 292 481 460)
4(291 480 481 292)
4(459 460 481 480)
4(292 481 482 293)
4(460 461 482 481)
4(274 295 484 463)
4(294 483 484 295)
4(462 463 484 483)
4(275 296 485 464)
4(295 484 485 296)
4(463 464 485 484)
4(276 297 486 465)
4(296 485 486 297)
4(464 465 486 485)
4(277 298 487 466)
4(297 486 487 298)
4(465 466 487 486)
4(278 299 488 467)
4(298 487 488 299)
4(466 467 488 487)
4(279 300 489 468)
4(299 488 489 300)
4(467 468 489 488)
4(280 301 490 469)
4(300 489 490 301)
4(468 469 490 489)
4(281 302 491 470)
4(301 490 491 302)
4(469 470 491 490)
4(282 303 492 471)
4(302 491 492 303)
4(470 471 492 491)
4(283 304 493 472)
4(303 492 493 304)
4(471 472 493 492)
4(284 305 494 473)
4(304 493 494 305)
4(472 473 494 493)
4(285 306 495 474)
4(305 494 495 306)
4(473 474 495 494)
4(286 307 496 475)
4(306 495 496 307)
4(474 475 496 495)
4(287 308 497 476)
4(307 496 497 308)
4(475 476 497 496)
4(288 309 498 477)
4(308 497 498 309)
4(476 477 498 497)
4(289 310 499 478)
4(309 498 499 310)
4(477 478 499 498)
4(290 311 500 479)
4(310 499 500 311)
4(478 479 500 499)
4(291 312 501 480)
4(311 500 501 312)
4(479 480 501 500)
4(292 313 502 481)
4(312 501 502 313)
4(480 481 502 501)
4(313 502 503 314)
4(481 482 503 502)
4(295 316 505 484)
4(315 504 505 316)
4(483 484 505 504)
4(296 317 506 485)
4(316 505 506 317)
4(484 485 506 505)
4(297 318 507 486)
4(317 506 507 318)
4(485 486 507 506)
4(298 319 508 487)
4(318 507 508 319)
4(486 487 508 507)
4(299 320 509 488)
4(319 508 509 320)
4(487 488 509 508)
4(300 321 510 489)
4(320 509 510 321)
4(488 489 510 509)
4(301 322 511 490)
4(321 510 511 322)
4(489 490 511 510)
4(302 323 512 491)
4(322 511 512 323)
4(490 491 512 511)
4(303 324 513 492)
4(323 512 513 324)
4(491 492 513 512)
4(304 325 514 493)
4(324 513 514 325)
4(492 493 514 513)
4(305 326 515 494)
4(325 514 515 326)
4(493 494 515 514)
4(306 327 516 495)
4(326 515 516 327)
4(494 495 516 515)
4(307 328 517 496)
4(327 516 517 328)
4(495 496 517 516)
4(308 329 518 497)
4(328 517 518 329)
4(496 497 518 517)
4(309 330 519 498)
4(329 518 519 330)
4(497 498 519 518)
4(310 331 520 499)
4(330 519 520 331)
4(498 499 520 519)
4(311 332 521 500)
4(331 520 521 332)
4(499 500 521 520)
4(312 333 522 501)
4(332 521 522 333)
4(500 501 522 521)
4(313 334 523 502)
4(333 522 523 334)
4(501 502 523 522)
4(334 523 524 335)
4(502 503 524 523)
4(316 337 526 505)
4(336 525 526 337)
4(504 505 526 525)
4(317 338 527 506)
4(337 526 527 338)
4(505 506 527 526)
4(318 339 528 507)
4(338 527 528 339)
4(506 507 528 527)
4(319 340 529 508)
4(339 528 529 340)
4(507 508 529 528)
4(320 341 530 509)
4(340 529 530 341)
4(508 509 530 529)
4(321 342 531 510)
4(341 530 531 342)
4(509 510 531 530)
4(322 343 532 511)
4(342 531 532 343)
4(510 511 532 531)
4(323 344 533 512)
4(343 532 533 344)
4(511 512 533 532)
4(324 345 534 513)
4(344 533 534 345)
4(512 513 534 533)
4(325 346 535 514)
4(345 534 535 346)
4(513 514 535 534)
4(326 347 536 515)
4(346 535 536 347)
4(514 515 536 535)
4(327 348 537 516)
4(347 536 537 348)
4(515 516 537 536)
4(328 349 538 517)
4(348 537 538 349)
4(516 517 538 537)
4(329 350 539 518)
4(349 538 539 350)
4(517 518 539 538)
4(330 351 540 519)
4(350 539 540 351)
4(518 519 540 539)
4(331 352 541 520)
4(351 540 541 352)
4(519 520 541 540)
4(332 353 542 521)
4(352 541 542 353)
4(520 521 542 541)
4(333 354 543 522)
4(353 542 543 354)
4(521 522 543 542)
4(334 355 544 523)
4(354 543 544 355)
4(522 523 544 543)
4(355 544 545 356)
4(523 524 545 544)
4(337 358 547 526)
4(525 526 547 546)
4(338 359 548 527)
4(526 527 548 547)
4(339 360 549 528)
4(527 528 549 548)
4(340 361 550 529)
4(528 529 550 549)
4(341 362 551 530)
4(529 530 551 550)
4(342 363 552 531)
4(530 531 552 551)
4(343 364 553 532)
4(531 532 553 552)
4(344 365 554 533)
4(532 533 554 553)
4(345 366 555 534)
4(533 534 555 554)
4(346 367 556 535)
4(534 535 556 555)
4(347 368 557 536)
4(535 536 557 556)
4(348 369 558 537)
4(536 537 558 557)
4(349 370 559 538)
4(537 538 559 558)
4(350 371 560 539)
4(538 539 560 559)
4(351 372 561 540)
4(539 540 561 560)
4(352 373 562 541)
4(540 541 562 561)
4(353 374 563 542)
4(541 542 563 562)
4(354 375 564 543)
4(542 543 564 563)
4(355 376 565 544)
4(543 544 565 564)
4(544 545 566 565)
4(379 400 589 568)
4(399 588 589 400)
4(567 568 589 588)
4(380 401 590 569)
4(400 589 590 401)
4(568 569 590 589)
4(381 402 591 570)
4(401 590 591 402)
4(569 570 591 590)
4(382 403 592 571)
4(402 591 592 403)
4(570 571 592 591)
4(383 404 593 572)
4(403 592 593 404)
4(571 572 593 592)
4(384 405 594 573)
4(404 593 594 405)
4(572 573 594 593)
4(385 406 595 574)
4(405 594 595 406)
4(573 574 595 594)
4(386 407 596 575)
4(406 595 596 407)
4(574 575 596 595)
4(387 408 597 576)
4(407 596 597 408)
4(575 576 597 596)
4(388 409 598 577)
4(408 597 598 409)
4(576 577 598 597)
4(389 410 599 578)
4(409 598 599 410)
4(577 578 599 598)
4(390 411 600 579)
4(410 599 600 411)
4(578 579 600 599)
4(391 412 601 580)
4(411 600 601 412)
4(579 580 601 600)
4(392 413 602 581)
4(412 601 602 413)
4(580 581 602 601)
4(393 414 603 582)
4(413 602 603 414)
4(581 582 603 602)
4(394 415 604 583)
4(414 603 604 415)
4(582 583 604 603)
4(395 416 605 584)
4(415 604 605 416)
4(583 584 605 604)
4(396 417 606 585)
4(416 605 606 417)
4(584 585 606 605)
4(397 418 607 586)
4(417 606 607 418)
4(585 586 607 606)
4(418 607 608 419)
4(586 587 608 607)
4(400 421 610 589)
4(420 609 610 421)
4(588 589 610 609)
4(401 422 611 590)
4(421 610 611 422)
4(589 590 611 610)
4(402 423 612 591)
4(422 611 612 423)
4(590 591 612 611)
4(403 424 613 592)
4(423 612 613 424)
4(591 592 613 612)
4(404 425 614 593)
4(424 613 614 425)
4(592 593 614 613)
4(405 426 615 594)
4(425 614 615 426)
4(593 594 615 614)
4(406 427 616 595)
4(426 615 616 427)
4(594 595 616 615)
4(407 428 617 596)
4(427 616 617 428)
4(595 596 617 616)
4(408 429 618 597)
4(428 617 618 429)
4(596 597 618 617)
4(409 430 619 598)
4(429 618 619 430)
4(597 598 619 618)
4(410 431 620 599)
4(430 619 620 431)
4(598 599 620 619)
4(411 432 621 600)
4(431 620 621 432)
4(599 600 621 620)
4(412 433 622 601)
4(432 621 622 433)
4(600 601 622 621)
4(413 434 623 602)
4(433 622 623 434)
4(601 602 623 622)
4(414 435 624 603)
4(434 623 624 435)
4(602 603 624 623)
4(415 436 625 604)
4(435 624 625 436)
4(603 604 625 624)
4(416 437 626 605)
4(436 625 626 437)
4(604 605 626 625)
4(417 438 627 606)
4(437 626 627 438)
4(605 606 627 626)
4(418 439 628 607)
4(438 627 628 439)
4(606 607 628 627)
4(439 628 629 440)
4(607 608 629 628)
4(421 442 631 610)
4(441 630 631 442)
4(609 610 631 630)
4(422 443 632 611)
4(442 631 632 443)
4(610 611 632 631)
4(423 444 633 612)
4(443 632 633 444)
4(611 612 633 632)
4(424 445 634 613)
4(444 633 634 445)
4(612 613 634 633)
4(425 446 635 614)
4(445 634 635 446)
4(613 614 635 634)
4(426 447 636 615)
4(446 635 636 447)
4(614 615 636 635)
4(427 448 637 616)
4(447 636 637 448)
4(615 616 637 636)
4(428 449 638 617)
4(448 637 638 449)
4(616 617 638 637)
4(429 450 639 618)
4(449 638 639 450)
4(617 618 639 638)
4(430 451 640 619)
4(450 639 640 451)
4(618 619 640 639)
4(431 452 641 620)
4(451 640 641 452)
4(619 620 641 640)
4(432 453 642 621)
4(452 641 642 453)
4(620 621 642 641)
4(433 454 643 622)
4(453 642 643 454)
4(621 622 643 642)
4(434 455 644 623)
4(454 643 644 455)
4(622 623 644 643)
4(435 456 645 624)
4(455 644 645 456)
4(623 624 645 644)
4(436 457 646 625)
4(456 645 646 457)
4(624 625 646 645)
4(437 458 647 626)
4(457 646 647 458)
4(625 626 647 646)
4(438 459 648 627)
4(458 647 648 459)
4(626 627 648 647)
4(439 460 649 628)
4(459 648 649 460)
4(627 628 649 648)
4(460 649 650 461)
4(628 629 650 649)
4(442 463 652 631)
4(462 651 652 463)
4(630 631 652 651)
4(443 464 653 632)
4(463 652 653 464)
4(631 632 653 652)
4(444 465 654 633)
4(464 653 654 465)
4(632 633 654 653)
4(445 466 655 634)
4(465 654 655 466)
4(633 634 655 654)
4(446 467 656 635)
4(466 655 656 467)
4(634 635 656 655)
4(447 468 657 636)
4(467 656 657 468)
4(635 636 657 656)
4(448 469 658 637)
4(468 657 658 469)
4(636 637 658 657)
4(449 470 659 638)
4(469 658 659 470)
4(637 638 659 658)
4(450 471 660 639)
4(470 659 660 471)
4(638 639 660 659)
4(451 472 661 640)
4(471 660 661 472)
4(639 640 661 660)
4(452 473 662 641)
4(472 661 662 473)
4(640 641 662 661)
4(453 474 663 642)
4(473 662 663 474)
4(641 642 663 662)
4(454 475 664 643)
4(474 663 664 475)
4(642 643 664 663)
4(455 476 665 644)
4(475 664 665 476)
4(643 644 665 664)
4(456 477 666 645)
4(476 665 666 477)
4(644 645 666 665)
4(457 478 667 646)
4(477 666 667 478)
4(645 646 667 666)
4(458 479 668 647)
4(478 667 668 479)
4(646 647 668 667)
4(459 480 669 648)
4(479 668 669 480)
4(647 648 669 668)
4(460 481 670 649)
4(480 669 670 481)
4(648 649 670 669)
4(481 670 671 482)
4(649 650 671 670)
4(463 484 673 652)
4(483 672 673 484)
4(651 652 673 672)
4(464 485 674 653)
4(484 673 674 485)
4(652 653 674 673)
4(465 486 675 654)
4(485 674 675 486)
4(653 654 675 674)
4(466 487 676 655)
4(486 675 676 487)
4(654 655 676 675)
4(467 488 677 656)
4(487 676 677 488)
4(655 656 677 676)
4(468 489 678 657)
4(488 677 678 489)
4(656 657 678 677)
4(469 490 679 658)
4(489 678 679 490)
4(657 658 679 678)
4(470 491 680 659)
4(490 679 680 491)
4(658 659 680 679)
4(471 492 681 660)
4(491 680 681 492)
4(659 660 681 680)
4(472 493 682 661)
4(492 681 682 493)
4(660 661 682 681)
4(473 494 683 662)
4(493 682 683 494)
4(661 662 683 682)
4(474 495 684 663)
4(494 683 684 495)
4(662 663 684 683)
4(475 496 685 664)
4(495 684 685 496)
4(663 664 685 684)
4(476 497 686 665)
4(496 685 686 497)
4(664 665 686 685)
4(477 498 687 666)
4(497 686 687 498)
4(665 666 687 686)
4(478 499 688 667)
4(498 687 688 499)
4(666 667 688 687)
4(479 500 689 668)
4(499 688 689 500)
4(667 668 689 688)
4(480 501 690 669)
4(500 689 690 501)
4(668 669 690 689)
4(481 502 691 670)
4(501 690 691 502)
4(669 670 691 690)
4(502 691 692 503)
4(670 671 692 691)
4(484 505 694 673)
4(504 693 694 505)
4(672 673 694 693)
4(485 506 695 674)
4(505 694 695 506)
4(673 674 695 694)
4(486 507 696 675)
4(506 695 696 507)
4(674 675 696 695)
4(487 508 697 676)
4(507 696 697 508)
4(675 676 697 696)
4(488 509 698 677)
4(508 697 698 509)
4(676 677 698 697)
4(489 510 699 678)
4(509 698 699 510)
4(677 678 699 698)
4(490 511 700 679)
4(510 699 700 511)
4(678 679 700 699)
4(491 512 701 680)
4(511 700 701 512)
4(679 680 701 700)
4(492 513 702 681)
4(512 701 702 513)
4(680 681 702 701)
4(493 514 703 682)
4(513 702 703 514)
4(681 682 703 702)
4(494 515 704 683)
4(514 703 704 515)
4(682 683 704 703)
4(495 516 705 684)
4(515 704 705 516)
4(683 684 705 704)
4(496 517 706 685)
4(516 705 706 517)
4(684 685 706 705)
4(497 518 707 686)
4(517 706 707 518)
4(685 686 707 706)
4(498 519 708 687)
4(518 707 708 519)
4(686 687 708 707)
4(499 520 709 688)
4(519 708 709 520)
4(687 688 709 708)
4(500 521 710 689)
4(520 709 710 521)
4(688 689 710 709)
4(501 522 711 690)
4(521 710 711 522)
4(689 690 711 710)
4(502 523 712 691)
4(522 711 712 523)
4(690 691 712 711)
4(523 712 713 524)
4(691 692 713 712)
4(505 526 715 694)
4(525 714 715 526)
4(693 694 715 714)
4(506 527 716 695)
4(526 715 716 527)
4(694 695 716 715)
4(507 528 717 696)
4(527 716 717 528)
4(695 696 717 716)
4(508 529 718 697)
4(528 717 718 529)
4(696 697 718 717)
4(509 530 719 698)
4(529 718 719 530)
4(697 698 719 718)
4(510 531 720 699)
4(530 719 720 531)
4(698 699 720 719)
4(511 532 721 700)
4(531 720 721 532)
4(699 700 721 720)
4(512 533 722 701)
4(532 721 722 533)
4(700 701 722 721)
4(513 534 723 702)
4(533 722 723 534)
4(701 702 723 722)
4(514 535 724 703)
4(534 723 724 535)
4(702 703 724 723)
4(515 536 725 704)
4(535 724 725 536)
4(703 704 725 724)
4(516 537 726 705)
4(536 725 726 537)
4(704 705 726 725)
4(517 538 727 706)
4(537 726 727 538)
4(705 706 727 726)
4(518 539 728 707)
4(538 727 728 539)
4(706 707 728 727)
4(519 540 729 708)
4(539 728 729 540)
4(707 708 729 728)
4(520 541 730 709)
4(540 729 730 541)
4(708 709 730 729)
4(521 542 731 710)
4(541 730 731 542)
4(709 710 731 730)
4(522 543 732 711)
4(542 731 732 543)
4(710 711 732 731)
4(523 544 733 712)
4(543 732 733 544)
4(711 712 733 732)
4(544 733 734 545)
4(712 713 734 733)
4(526 547 736 715)
4(714 715 736 735)
4(527 548 737 716)
4(715 716 737 736)
4(528 549 738 717)
4(716 717 738 737)
4(529 550 739 718)
4(717 718 739 738)
4(530 551 740 719)
4(718 719 740 739)
4(531 552 741 720)
4(719 720 741 740)
4(532 553 742 721)
4(720 721 742 741)
4(533 554 743 722)
4(721 722 743 742)
4(534 555 744 723)
4(722 723 744 743)
4(535 556 745 724)
4(723 724 745 744)
4(536 557 746 725)
4(724 725 746 745)
4(537 558 747 726)
4(725 726 747 746)
4(538 559 748 727)
4(726 727 748 747)
4(539 560 749 728)
4(727 728 749 748)
4(540 561 750 729)
4(728 729 750 749)
4(541 562 751 730)
4(729 730 751 750)
4(542 563 752 731)
4(730 731 752 751)
4(543 564 753 732)
4(731 732 753 752)
4(544 565 754 733)
4(732 733 754 753)
4(733 734 755 754)
4(568 589 778 757)
4(588 777 778 589)
4(756 757 778 777)
4(569 590 779 758)
4(589 778 779 590)
4(757 758 779 778)
4(570 591 780 759)
4(590 779 780 591)
4(758 759 780 779)
4(571 592 781 760)
4(591 780 781 592)
4(759 760 781 780)
4(572 593 782 761)
4(592 781 782 593)
4(760 761 782 781)
4(573 594 783 762)
4(593 782 783 594)
4(761 762 783 782)
4(574 595 784 763)
4(594 783 784 595)
4(762 763 784 783)
4(575 596 785 764)
4(595 784 785 596)
4(763 764 785 784)
4(576 597 786 765)
4(596 785 786 597)
4(764 765 786 785)
4(577 598 787 766)
4(597 786 787 598)
4(765 766 787 786)
4(578 599 788 767)
4(598 787 788 599)
4(766 767 788 787)
4(579 600 789 768)
4(599 788 789 600)
4(767 768 789 788)
4(580 601 790 769)
4(600 789 790 601)
4(768 769 790 789)
4(581 602 791 770)
4(601 790 791 602)
4(769 770 791 790)
4(582 603 792 771)
4(602 791 792 603)
4(770 771 792 791)
4(583 604 793 772)
4(603 792 793 604)
4(771 772 793 792)
4(584 605 794 773)
4(604 793 794 605)
4(772 773 794 793)
4(585 606 795 774)
4(605 794 795 606)
4(773 774 795 794)
4(586 607 796 775)
4(606 795 796 607)
4(774 775 796 795)
4(607 796 797 608)
4(775 776 797 796)
4(589 610 799 778)
4(609 798 799 610)
4(777 778 799 798)
4(590 611 800 779)
4(610 799 800 611)
4(778 779 800 799)
4(591 612 801 780)
4(611 800 801 612)
4(779 780 801 800)
4(592 613 802 781)
4(612 801 802 613)
4(780 781 802 801)
4(593 614 803 782)
4(613 802 803 614)
4(781 782 803 802)
4(594 615 804 783)
4(614 803 804 615)
4(782 783 804 803)
4(595 616 805 784)
4(615 804 805 616)
4(783 784 805 804)
4(596 617 806 785)
4(616 805 806 617)
4(784 785 806 805)
4(597 618 807 786)
4(617 806 807 618)
4(785 786 807 806)
4(598 619 808 787)
4(618 807 808 619)
4(786 787 808 807)
4(599 620 809 788)
4(619 808 809 620)
4(787 788 809 808)
4(600 621 810 789)
4(620 809 810 621)
4(788 789 810 809)
4(601 622 811 790)
4(621 810 811 622)
4(789 790 811 810)
4(602 623 812 791)
4(622 811 812 623)
4(790 791 812 811)
4(603 624 813 792)
4(623 812 813 624)
4(791 792 813 812)
4(604 625 814 793)
4(624 813 814 625)
4(792 793 814 813)
4(605 626 815 794)
4(625 814 815 626)
4(793 794 815 814)
4(606 627 816 795)
4(626 815 816 627)
4(794 795 816 815)
4(607 628 817 796)
4(627 816 817 628)
4(795 796 817 816)
4(628 817 818 629)
4(796 797 818 817)
4(610 631 820 799)
4(630 819 820 631)
4(798 799 820 819)
4(611 632 821 800)
4(631 820 821 632)
4(799 800 821 820)
4(612 633 822 801)
4(632 821 822 633)
4(800 801 822 821)
4(613 634 823 802)
4(633 822 823 634)
4(801 802 823 822)
4(614 635 824 803)
4(634 823 824 635)
4(802 803 824 823)
4(615 636 825 804)
4(635 824 825 636)
4(803 804 825 824)
4(616 637 826 805)
4(636 825 826 637)
4(804 805 826 825)
4(617 638 827 806)
4(637 826 827 638)
4(805 806 827 826)
4(618 639 828 807)
4(638 827 828 639)
4(806 807 828 827)
4(619 640 829 808)
4(639 828 829 640)
4(807 808 829 828)
4(620 641 830 809)
4(640 829 830 641)
4(808 809 830 829)
4(621 642 831 810)
4(641 830 831 642)
4(809 810 831 830)
4(622 643 832 811)
4(642 831 832 643)
4(810 811 832 831)
4(623 644 833 812)
4(643 832 833 644)
4(811 812 833 832)
4(624 645 834 813)
4(644 833 834 645)
4(812 813 834 833)
4(625 646 835 814)
4(645 834 835 646)
4(813 814 835 834)
4(626 647 836 815)
4(646 835 836 647)
4(814 815 836 835)
4(627 648 837 816)
4(647 836 837 648)
4(815 816 837 836)
4(628 649 838 817)
4(648 837 838 649)
4(816 817 838 837)
4(649 838 839 650)
4(817 818 839 838)
4(631 652 841 820)
4(651 840 841 652)
4(819 820 841 840)
4(632 653 842 821)
4(652 841 842 653)
4(820 821 842 841)
4(633 654 843 822)
4(653 842 843 654)
4(821 822 843 842)
4(634 655 844 823)
4(654 843 844 655)
4(822 823 844 843)
4(635 656 845 824)
4(655 844 845 656)
4(823 824 845 844)
4(636 657 846 825)
4(656 845 846 657)
4(824 825 846 845)
4(637 658 847 826)
4(657 846 847 658)
4(825 826 847 846)
4(638 659 848 827)
4(658 847 848 659)
4(826 827 848 847)
4(639 660 849 828)
4(659 848 849 660)
4(827 828 849 848)
4(640 661 850 829)
4(660 849 850 661)
4(828 829 850 849)
4(641 662 851 830)
4(661 850 851 662)
4(829 830 851 850)
4(642 663 852 831)
4(662 851 852 663)
4(830 831 852 851)
4(643 664 853 832)
4(663 852 853 664)
4(831 832 853 852)
4(644 665 854 833)
4(664 853 854 665)
4(832 833 854 853)
4(645 666 855 834)
4(665 854 855 666)
4(833 834 855 854)
4(646 667 856 835)
4(666 855 856 667)
4(834 835 856 855)
4(647 668 857 836)
4(667 856 857 668)
4(835 836 857 856)
4(648 669 858 837)
4(668 857 858 669)
4(836 837 858 857)
4(649 670 859 838)
4(669 858 859 670)
4(837 838 859 858)
4(670 859 860 671)
4(838 839 860 859)
4(652 673 862 841)
4(672 861 862 673)
4(840 841 862 861)
4(653 674 863 842)
4(673 862 863 674)
4(841 842 863 862)
4(654 675 864 843)
4(674 863 864 675)
4(842 843 864 863)
4(655 676 865 844)
4(675 864 865 676)
4(843 844 865 864)
4(656 677 866 845)
4(676 865 866 677)
4(844 845 866 865)
4(657 678 867 846)
4(677 866 867 678)
4(845 846 867 866)
4(658 679 868 847)
4(678 867 868 679)
4(846 847 868 867)
4(659 680 869 848)
4(679 868 869 680)
4(847 848 869 868)
4(660 681 870 849)
4(680 869 870 681)
4(848 849 870 869)
4(661 682 871 850)
4(681 870 871 682)
4(849 850 871 870)
4(662 683 872 851)
4(682 871 872 683)
4(850 851 872 871)
4(663 684 873 852)
4(683 872 873 684)
4(851 852 873 872)
4(664 685 874 853)
4(684 873 874 685)
4(852 853 874 873)
4(665 686 875 854)
4(685 874 875 686)
4(853 854 875 874)
4(666 687 876 855)
4(686 875 876 687)
4(854 855 876 875)
4(667 688 877 856)
4(687 876 877 688)
4(855 856 877 876)
4(668 689 878 857)
4(688 877 878 689)
4(856 857 878 877)
4(669 690 879 858)
4(689 878 879 690)
4(857 858 879 878)
4(670 691 880 859)
4(690 879 880 691)
4(858 859 880 879)
4(691 880 881 692)
4(859 860 881 880)
4(673 694 883 862)
4(693 882 883 694)
4(861 862 883 882)
4(674 695 884 863)
4(694 883 884 695)
4(862 863 884 883)
4(675 696 885 864)
4(695 884 885 696)
4(863 864 885 884)
4(676 697 886 865)
4(696 885 886 697)
4(864 865 886 885)
4(677 698 887 866)
4(697 886 887 698)
4(865 866 887 886)
4(678 699 888 867)
4(698 887 888 699)
4(866 867 888 887)
4(679 700 889 868)
4(699 888 889 700)
4(867 868 889 888)
4(680 701 890 869)
4(700 889 890 701)
4(868 869 890 889)
4(681 702 891 870)
4(701 890 891 702)
4(869 870 891 890)
4(682 703 892 871)
4(702 891 892 703)
4(870 871 892 891)
4(683 704 893 872)
4(703 892 893 704)
4(871 872 893 892)
4(684 705 894 873)
4(704 893 894 705)
4(872 873 894 893)
4(685 706 895 874)
4(705 894 895 706)
4(873 874 895 894)
4(686 707 896 875)
4(706 895 896 707)
4(874 875 896 895)
4(687 708 897 876)
4(707 896 897 708)
4(875 876 897 896)
4(688 709 898 877)
4(708 897 898 709)
4(876 877 898 897)
4(689 710 899 878)
4(709 898 899 710)
4(877 878 899 898)
4(690 711 900 879)
4(710 899 900 711)
4(878 879 900 899)
4(691 712 901 880)
4(711 900 901 712)
4(879 880 901 900)
4(712 901 902 713)
4(880 881 902 901)
4(694 715 904 883)
4(714 903 904 715)
4(882 883 904 903)
4(695 716 905 884)
4(715 904 905 716)
4(883 884 905 904)
4(696 717 906 885)
4(716 905 906 717)
4(884 885 906 905)
4(697 718 907 886)
4(717 906 907 718)
4(885 886 907 906)
4(698 719 908 887)
4(718 907 908 719)
4(886 887 908 907)
4(699 720 909 888)
4(719 908 909 720)
4(887 888 909 908)
4(700 721 910 889)
4(720 909 910 721)
4(888 889 910 909)
4(701 722 911 890)
4(721 910 911 722)
4(889 890 911 910)
4(702 723 912 891)
4(722 911 912 723)
4(890 891 912 911)
4(703 724 913 892)
4(723 912 913 724)
4(891 892 913 912)
4(704 725 914 893)
4(724 913 914 725)
4(892 893 914 913)
4(705 726 915 894)
4(725 914 915 726)
4(893 894 915 914)
4(706 727 916 895)
4(726 915 916 727)
4(894 895 916 915)
4(707 728 917 896)
4(727 916 917 728)
4(895 896 917 916)
4(708 729 918 897)
4(728 917 918 729)
4(896 897 918 917)
4(709 730 919 898)
4(729 918 919 730)
4(897 898 919 918)
4(710 731 920 899)
4(730 919 920 731)
4(898 899 920 919)
4(711 732 921 900)
4(731 920 921 732)
4(899 900 921 920)
4(712 733 922 901)
4(732 921 922 733)
4(900 901 922 921)
4(733 922 923 734)
4(901 902 923 922)
4(715 736 925 904)
4(903 904 925 924)
4(716 737 926 905)
4(904 905 926 925)
4(717 738 927 906)
4(905 906 927 926)
4(718 739 928 907)
4(906 907 928 927)
4(719 740 929 908)
4(907 908 929 928)
4(720 741 930 909)
4(908 909 930 929)
4(721 742 931 910)
4(909 910 931 930)
4(722 743 932 911)
4(910 911 932 931)
4(723 744 933 912)
4(911 912 933 932)
4(724 745 934 913)
4(912 913 934 933)
4(725 746 935 914)
4(913 914 935 934)
4(726 747 936 915)
4(914 915 936 935)
4(727 748 937 916)
4(915 916 937 936)
4(728 749 938 917)
4(916 917 938 937)
4(729 750 939 918)
4(917 918 939 938)
4(730 751 940 919)
4(918 919 940 939)
4(731 752 941 920)
4(919 920 941 940)
4(732 753 942 921)
4(920 921 942 941)
4(733 754 943 922)
4(921 922 943 942)
4(922 923 944 943)
4(757 778 967 946)
4(777 966 967 778)
4(945 946 967 966)
4(758 779 968 947)
4(778 967 968 779)
4(946 947 968 967)
4(759 780 969 948)
4(779 968 969 780)
4(947 948 969 968)
4(760 781 970 949)
4(780 969 970 781)
4(948 949 970 969)
4(761 782 971 950)
4(781 970 971 782)
4(949 950 971 970)
4(762 783 972 951)
4(782 971 972 783)
4(950 951 972 971)
4(763 784 973 952)
4(783 972 973 784)
4(951 952 973 972)
4(764 785 974 953)
4(784 973 974 785)
4(952 953 974 973)
4(765 786 975 954)
4(785 974 975 786)
4(953 954 975 974)
4(766 787 976 955)
4(786 975 976 787)
4(954 955 976 975)
4(767 788 977 956)
4(787 976 977 788)
4(955 956 977 976)
4(768 789 978 957)
4(788 977 978 789)
4(956 957 978 977)
4(769 790 979 958)
4(789 978 979 790)
4(957 958 979 978)
4(770 791 980 959)
4(790 979 980 791)
4(958 959 980 979)
4(771 792 981 960)
4(791 980 981 792)
4(959 960 981 980)
4(772 793 982 961)
4(792 981 982 793)
4(960 961 982 981)
4(773 794 983 962)
4(793 982 983 794)
4(961 962 983 982)
4(774 795 984 963)
4(794 983 984 795)
4(962 963 984 983)
4(775 796 985 964)
4(795 984 985 796)
4(963 964 985 984)
4(796 985 986 797)
4(964 965 986 985)
4(778 799 988 967)
4(798 987 988 799)
4(966 967 988 987)
4(779 800 989 968)
4(799 988 989 800)
4(967 968 989 988)
4(780 801 990 969)
4(800 989 990 801)
4(968 969 990 989)
4(781 802 991 970)
4(801 990 991 802)
4(969 970 991 990)
4(782 803 992 971)
4(802 991 992 803)
4(970 971 992 991)
4(783 804 993 972)
4(803 992 993 804)
4(971 972 993 992)
4(784 805 994 973)
4(804 993 994 805)
4(972 973 994 993)
4(785 806 995 974)
4(805 994 995 806)
4(973 974 995 994)
4(786 807 996 975)
4(806 995 996 807)
4(974 975 996 995)
4(787 808 997 976)
4(807 996 997 808)
4(975 976 997 996)
4(788 809 998 977)
4(808 997 998 809)
4(976 977 998 997)
4(789 810 999 978)
4(809 998 999 810)
4(977 978 999 998)
4(790 811 1000 979)
4(810 999 1000 811)
4(978 979 1000 999)
4(791 812 1001 980)
4(811 1000 1001 812)
4(979 980 1001 1000)
4(792 813 1002 981)
4(812 1001 1002 813)
4(980 981 1002 1001)
4(793 814 1003 982)
4(813 1002 1003 814)
4(981 982 1003 1002)
4(794 815 1004 983)
4(814 1003 1004 815)
4(982 983 1004 1003)
4(795 816 1005 984)
4(815 1004 1005 816)
4(983 984 1005 1004)
4(796 817 1006 985)
4(816 1005 1006 817)
4(984 985 1006 1005)
4(817 1006 1007 818)
4(985 986 1007 1006)
4(799 820 1009 988)
4(819 1008 1009 820)
4(987 988 1009 1008)
4(800 821 1010 989)
4(820 1009 1010 821)
4(988 989 1010 1009)
4(801 822 1011 990)
4(821 1010 1011 822)
4(989 990 1011 1010)
4(802 823 1012 991)
4(822 1011 1012 823)
4(990 991 1012 1011)
4(803 824 1013 992)
4(823 1012 1013 824)
4(991 992 1013 1012)
4(804 825 1014 993)
4(824 1013 1014 825)
4(992 993 1014 1013)
4(805 826 1015 994)
4(825 1014 1015 826)
4(993 994 1015 1014)
4(806 827 1016 995)
4(826 1015 1016 827)
4(994 995 1016 1015)
4(807 828 1017 996)
4(827 1016 1017 828)
4(995 996 1017 1016)
4(808 829 1018 997)
4(828 1017 1018 829)
4(996 997 1018 1017)
4(809 830 1019 998)
4(829 1018 1019 830)
4(997 998 1019 1018)
4(810 831 1020 999)
4(830 1019 1020 831)
4(998 999 1020 1019)
4(811 832 1021 1000)
4(831 1020 1021 832)
4(999 1000 1021 1020)
4(812 833 1022 1001)
4(832 1021 1022 833)
4(1000 1001 1022 1021)
4(813 834 1023 1002)
4(833 1022 1023 834)
4(1001 1002 1023 1022)
4(814 835 1024 1003)
4(834 1023 1024 835)
4(1002 1003 1024 1023)
4(815 836 1025 1004)
4(835 1024 1025 836)
4(1003 1004 1025 1024)
4(816 837 1026 1005)
4(836 1025 1026 837)
4(1004 1005 1026 1025)
4(817 838 1027 1006)
4(837 1026 1027 838)
4(1005 1006 1027 1026)
4(838 1027 1028 839)
4(1006 1007 1028 1027)
4(820 841 1030 1009)
4(840 1029 1030 841)
4(1008 1009 1030 1029)
4(821 842 1031 1010)
4(841 1030 1031 842)
4(1009 1010 1031 1030)
4(822 843 1032 1011)
4(842 1031 1032 843)
4(1010 1011 1032 1031)
4(823 844 1033 1012)
4(843 1032 1033 844)
4(1011 1012 1033 1032)
4(824 845 1034 1013)
4(844 1033 1034 845)
4(1012 1013 1034 1033)
4(825 846 1035 1014)
4(845 1034 1035 846)
4(1013 1014 1035 1034)
4(826 847 1036 1015)
4(846 1035 1036 847)
4(1014 1015 1036 1035)
4(827 848 1037 1016)
4(847 1036 1037 848)
4(1015 1016 1037 1036)
4(828 849 1038 1017)
4(848 1037 1038 849)
4(1016 1017 1038 1037)
4(829 850 1039 1018)
4(849 1038 1039 850)
4(1017 1018 1039 1038)
4(830 851 1040 1019)
4(850 1039 1040 851)
4(1018 1019 1040 1039)
4(831 852 1041 1020)
4(851 1040 1041 852)
4(1019 1020 1041 1040)
4(832 853 1042 1021)
4(852 1041 1042 853)
4(1020 1021 1042 1041)
4(833 854 1043 1022)
4(853 1042 1043 854)
4(1021 1022 1043 1042)
4(834 855 1044 1023)
4(854 1043 1044 855)
4(1022 1023 1044 1043)
4(835 856 1045 1024)
4(855 1044 1045 856)
4(1023 1024 1045 1044)
4(836 857 1046 1025)
4(856 1045 1046 857)
4(1024 1025 1046 1045)
4(837 858 1047 1026)
4(857 1046 1047 858)
4(1025 1026 1047 1046)
4(838 859 1048 1027)
4(858 1047 1048 859)
4(1026 1027 1048 1047)
4(859 1048 1049 860)
4(1027 1028 1049 1048)
4(841 862 1051 1030)
4(861 1050 1051 862)
4(1029 1030 1051 1050)
4(842 863 1052 1031)
4(862 1051 1052 863)
4(1030 1031 1052 1051)
4(843 864 1053 1032)
4(863 1052 1053 864)
4(1031 1032 1053 1052)
4(844 865 1054 1033)
4(864 1053 1054 865)
4(1032 1033 1054 1053)
4(845 866 1055 1034)
4(865 1054 1055 866)
4(1033 1034 1055 1054)
4(846 867 1056 1035)
4(866 1055 1056 867)
4(1034 1035 1056 1055)
4(847 868 1057 1036)
4(867 1056 1057 868)
4(1035 1036 1057 1056)
4(848 869 1058 1037)
4(868 1057 1058 869)
4(1036 1037 1058 1057)
4(849 870 1059 1038)
4(869 1058 1059 870)
4(1037 1038 1059 1058)
4(850 871 1060 1039)
4(870 1059 1060 871)
4(1038 1039 1060 1059)
4(851 872 1061 1040)
4(871 1060 1061 872)
4(1039 1040 1061 1060)
4(852 873 1062 1041)
4(872 1061 1062 873)
4(1040 1041 1062 1061)
4(853 874 1063 1042)
4(873 1062 1063 874)
4(1041 1042 1063 1062)
4(854 875 1064 1043)
4(874 1063 1064 875)
4(1042 1043 1064 1063)
4(855 876 1065 1044)
4(875 1064 1065 876)
4(1043 1044 1065 1064)
4(856 877 1066 1045)
4(876 1065 1066 877)
4(1044 1045 1066 1065)
4(857 878 1067 1046)
4(877 1066 1067 878)
4(1045 1046 1067 1066)
4(858 879 1068 1047)
4(878 1067 1068 879)
4(1046 1047 1068 1067)
4(859 880 1069 1048)
4(879 1068 1069 880)
4(1047 1048 1069 1068)
4(880 1069 1070 881)
4(1048 1049 1070 1069)
4(862 883 1072 1051)
4(882 1071 1072 883)
4(1050 1051 1072 1071)
4(863 884 1073 1052)
4(883 1072 1073 884)
4(1051 1052 1073 1072)
4(864 885 1074 1053)
4(884 1073 1074 885)
4(1052 1053 1074 1073)
4(865 886 1075 1054)
4(885 1074 1075 886)
4(1053 1054 1075 1074)
4(866 887 1076 1055)
4(886 1075 1076 887)
4(1054 1055 1076 1075)
4(867 888 1077 1056)
4(887 1076 1077 888)
4(1055 1056 1077 1076)
4(868 889 1078 1057)
4(888 1077 1078 889)
4(1056 1057 1078 1077)
4(869 890 1079 1058)
4(889 1078 1079 890)
4(1057 1058 1079 1078)
4(870 891 1080 1059)
4(890 1079 1080 891)
4(1058 1059 1080 1079)
4(871 892 1081 1060)
4(891 1080 1081 892)
4(1059 1060 1081 1080)
4(872 893 1082 1061)
4(892 1081 1082 893)
4(1060 1061 1082 1081)
4(873 894 1083 1062)
4(893 1082 1083 894)
4(1061 1062 1083 1082)
4(874 895 1084 1063)
4(894 1083 1084 895)
4(1062 1063 1084 1083)
4(875 896 1085 1064)
4(895 1084 1085 896)
4(1063 1064 1085 1084)
4(876 897 1086 1065)
4(896 1085 1086 897)
4(1064 1065 1086 1085)
4(877 898 1087 1066)
4(897 1086 1087 898)
4(1065 1066 1087 1086)
4(878 899 1088 1067)
4(898 1087 1088 899)
4(1066 1067 1088 1087)
4(879 900 1089 1068)
4(899 1088 1089 900)
4(1067 1068 1089 1088)
4(880 901 1090 1069)
4(900 1089 1090 901)
4(1068 1069 1090 1089)
4(901 1090 1091 902)
4(1069 1070 1091 1090)
4(883 904 1093 1072)
4(903 1092 1093 904)
4(1071 1072 1093 1092)
4(884 905 1094 1073)
4(904 1093 1094 905)
4(1072 1073 1094 1093)
4(885 906 1095 1074)
4(905 1094 1095 906)
4(1073 1074 1095 1094)
4(886 907 1096 1075)
4(906 1095 1096 907)
4(1074 1075 1096 1095)
4(887 908 1097 1076)
4(907 1096 1097 908)
4(1075 1076 1097 1096)
4(888 909 1098 1077)
4(908 1097 1098 909)
4(1076 1077 1098 1097)
4(889 910 1099 1078)
4(909 1098 1099 910)
4(1077 1078 1099 1098)
4(890 911 1100 1079)
4(910 1099 1100 911)
4(1078 1079 1100 1099)
4(891 912 1101 1080)
4(911 1100 1101 912)
4(1079 1080 1101 1100)
4(892 913 1102 1081)
4(912 1101 1102 913)
4(1080 1081 1102 1101)
4(893 914 1103 1082)
4(913 1102 1103 914)
4(1081 1082 1103 1102)
4(894 915 1104 1083)
4(914 1103 1104 915)
4(1082 1083 1104 1103)
4(895 916 1105 1084)
4(915 1104 1105 916)
4(1083 1084 1105 1104)
4(896 917 1106 1085)
4(916 1105 1106 917)
4(1084 1085 1106 1105)
4(897 918 1107 1086)
4(917 1106 1107 918)
4(1085 1086 1107 1106)
4(898 919 1108 1087)
4(918 1107 1108 919)
4(1086 1087 1108 1107)
4(899 920 1109 1088)
4(919 1108 1109 920)
4(1087 1088 1109 1108)
4(900 921 1110 1089)
4(920 1109 1110 921)
4(1088 1089 1110 1109)
4(901 922 1111 1090)
4(921 1110 1111 922)
4(1089 1090 1111 1110)
4(922 1111 1112 923)
4(1090 1091 1112 1111)
4(904 925 1114 1093)
4(1092 1093 1114 1113)
4(905 926 1115 1094)
4(1093 1094 1115 1114)
4(906 927 1116 1095)
4(1094 1095 1116 1115)
4(907 928 1117 1096)
4(1095 1096 1117 1116)
4(908 929 1118 1097)
4(1096 1097 1118 1117)
4(909 930 1119 1098)
4(1097 1098 1119 1118)
4(910 931 1120 1099)
4(1098 1099 1120 1119)
4(911 932 1121 1100)
4(1099 1100 1121 1120)
4(912 933 1122 1101)
4(1100 1101 1122 1121)
4(913 934 1123 1102)
4(1101 1102 1123 1122)
4(914 935 1124 1103)
4(1102 1103 1124 1123)
4(915 936 1125 1104)
4(1103 1104 1125 1124)
4(916 937 1126 1105)
4(1104 1105 1126 1125)
4(917 938 1127 1106)
4(1105 1106 1127 1126)
4(918 939 1128 1107)
4(1106 1107 1128 1127)
4(919 940 1129 1108)
4(1107 1108 1129 1128)
4(920 941 1130 1109)
4(1108 1109 1130 1129)
4(921 942 1131 1110)
4(1109 1110 1131 1130)
4(922 943 1132 1111)
4(1110 1111 1132 1131)
4(1111 1112 1133 1132)
4(946 967 1156 1135)
4(966 1155 1156 967)
4(1134 1135 1156 1155)
4(947 968 1157 1136)
4(967 1156 1157 968)
4(1135 1136 1157 1156)
4(948 969 1158 1137)
4(968 1157 1158 969)
4(1136 1137 1158 1157)
4(949 970 1159 1138)
4(969 1158 1159 970)
4(1137 1138 1159 1158)
4(950 971 1160 1139)
4(970 1159 1160 971)
4(1138 1139 1160 1159)
4(951 972 1161 1140)
4(971 1160 1161 972)
4(1139 1140 1161 1160)
4(952 973 1162 1141)
4(972 1161 1162 973)
4(1140 1141 1162 1161)
4(953 974 1163 1142)
4(973 1162 1163 974)
4(1141 1142 1163 1162)
4(954 975 1164 1143)
4(974 1163 1164 975)
4(1142 1143 1164 1163)
4(955 976 1165 1144)
4(975 1164 1165 976)
4(1143 1144 1165 1164)
4(956 977 1166 1145)
4(976 1165 1166 977)
4(1144 1145 1166 1165)
4(957 978 1167 1146)
4(977 1166 1167 978)
4(1145 1146 1167 1166)
4(958 979 1168 1147)
4(978 1167 1168 979)
4(1146 1147 1168 1167)
4(959 980 1169 1148)
4(979 1168 1169 980)
4(1147 1148 1169 1168)
4(960 981 1170 1149)
4(980 1169 1170 981)
4(1148 1149 1170 1169)
4(961 982 1171 1150)
4(981 1170 1171 982)
4(1149 1150 1171 1170)
4(962 983 1172 1151)
4(982 1171 1172 983)
4(1150 1151 1172 1171)
4(963 984 1173 1152)
4(983 1172 1173 984)
4(1151 1152 1173 1172)
4(964 985 1174 1153)
4(984 1173 1174 985)
4(1152 1153 1174 1173)
4(985 1174 1175 986)
4(1153 1154 1175 1174)
4(967 988 1177 1156)
4(987 1176 1177 988)
4(1155 1156 1177 1176)
4(968 989 1178 1157)
4(988 1177 1178 989)
4(1156 1157 1178 1177)
4(969 990 1179 1158)
4(989 1178 1179 990)
4(1157 1158 1179 1178)
4(970 991 1180 1159)
4(990 1179 1180 991)
4(1158 1159 1180 1179)
4(971 992 1181 1160)
4(991 1180 1181 992)
4(1159 1160 1181 1180)
4(972 993 1182 1161)
4(992 1181 1182 993)
4(1160 1161 1182 1181)
4(973 994 1183 1162)
4(993 1182 1183 994)
4(1161 1162 1183 1182)
4(974 995 1184 1163)
4(994 1183 1184 995)
4(1162 1163 1184 1183)
4(975 996 1185 1164)
4(995 1184 1185 996)
4(1163 1164 1185 1184)
4(976 997 1186 1165)
4(996 1185 1186 997)
4(1164 1165 1186 1185)
4(977 998 1187 1166)
4(997 1186 1187 998)
4(1165 1166 1187 1186)
4(978 999 1188 1167)
4(998 1187 1188 999)
4(1166 1167 1188 1187)
4(979 1000 1189 1168)
4(999 1188 1189 1000)
4(1167 1168 1189 1188)
4(980 1001 1190 1169)
4(1000 1189 1190 1001)
4(1168 1169 1190 1189)
4(981 1002 1191 1170)
4(1001 1190 1191 1002)
4(1169 1170 1191 1190)
4(982 1003 1192 1171)
4(1002 1191 1192 1003)
4(1170 1171 1192 1191)
4(983 1004 1193 1172)
4(1003 1192 1193 1004)
4(1171 1172 1193 1192)
4(984 1005 1194 1173)
4(1004 1193 1194 1005)
4(1172 1173 1194 1193)
4(985 1006 1195 1174)
4(1005 1194 1195 1006)
4(1173 1174 1195 1194)
4(1006 1195 1196 1007)
4(1174 1175 1196 1195)
4(988 1009 1198 1177)
4(1008 1197 1198 1009)
4(1176 1177 1198 1197)
4(989 1010 1199 1178)
4(1009 1198 1199 1010)
4(1177 1178 1199 1198)
4(990 1011 1200 1179)
4(1010 1199 1200 1011)
4(1178 1179 1200 1199)
4(991 1012 1201 1180)
4(1011 1200 1201 1012)
4(1179 1180 1201 1200)
4(992 1013 1202 1181)
4(1012 1201 1202 1013)
4(1180 1181 1202 1201)
4(993 1014 1203 1182)
4(1013 1202 1203 1014)
4(1181 1182 1203 1202)
4(994 1015 1204 1183)
4(1014 1203 1204 1015)
4(1182 1183 1204 1203)
4(995 1016 1205 1184)
4(1015 1204 1205 1016)
4(1183 1184 1205 1204)
4(996 1017 1206 1185)
4(1016 1205 1206 1017)
4(1184 1185 1206 1205)
4(997 1018 1207 1186)
4(1017 1206 1207 1018)
4(1185 1186 1207 1206)
4(998 1019 1208 1187)
4(1018 1207 1208 1019)
4(1186 1187 1208 1207)
4(999 1020 1209 1188)
4(1019 1208 1209 1020)
4(1187 1188 1209 1208)
4(1000 1021 1210 1189)
4(1020 1209 1210 1021)
4(1188 1189 1210 1209)
4(1001 1022 1211 1190)
4(1021 1210 1211 1022)
4(1189 1190 1211 1210)
4(1002 1023 1212 1191)
4(1022 1211 1212 1023)
4(1190 1191 1212 1211)
4(1003 1024 1213 1192)
4(1023 1212 1213 1024)
4(1191 1192 1213 1212)
4(1004 1025 1214 1193)
4(1024 1213 1214 1025)
4(1192 1193 1214 1213)
4(1005 1026 1215 1194)
4(1025 1214 1215 1026)
4(1193 1194 1215 1214)
4(1006 1027 1216 1195)
4(1026 1215 1216 1027)
4(1194 1195 1216 1215)
4(1027 1216 1217 1028)
4(1195 1196 1217 1216)
4(1009 1030 1219 1198)
4(1029 1218 1219 1030)
4(1197 1198 1219 1218)
4(1010 1031 1220 1199)
4(1030 1219 1220 1031)
4(1198 1199 1220 1219)
4(1011 1032 1221 1200)
4(1031 1220 1221 1032)
4(1199 1200 1221 1220)
4(1012 1033 1222 1201)
4(1032 1221 1222 1033)
4(1200 1201 1222 1221)
4(1013 1034 1223 1202)
4(1033 1222 1223 1034)
4(1201 1202 1223 1222)
4(1014 1035 1224 1203)
4(1034 1223 1224 1035)
4(1202 1203 1224 1223)
4(1015 1036 1225 1204)
4(1035 1224 1225 1036)
4(1203 1204 1225 1224)
4(1016 1037 1226 1205)
4(1036 1225 1226 1037)
4(1204 1205 1226 1225)
4(1017 1038 1227 1206)
4(1037 1226 1227 1038)
4(1205 1206 1227 1226)
4(1018 1039 1228 1207)
4(1038 1227 1228 1039)
4(1206 1207 1228 1227)
4(1019 1040 1229 1208)
4(1039 1228 1229 1040)
4(1207 1208 1229 1228)
4(1020 1041 1230 1209)
4(1040 1229 1230 1041)
4(1208 1209 1230 1229)
4(1021 1042 1231 1210)
4(1041 1230 1231 1042)
4(1209 1210 1231 1230)
4(1022 1043 1232 1211)
4(1042 1231 1232 1043)
4(1210 1211 1232 1231)
4(1023 1044 1233 1212)
4(1043 1232 1233 1044)
4(1211 1212 1233 1232)
4(1024 1045 1234 1213)
4(1044 1233 1234 1045)
4(1212 1213 1234 1233)
4(1025 1046 1235 1214)
4(1045 1234 1235 1046)
4(1213 1214 1235 1234)
4(1026 1047 1236 1215)
4(1046 1235 1236 1047)
4(1214 1215 1236 1235)
4(1027 1048 1237 1216)
4(1047 1236 1237 1048)
4(1215 1216 1237 1236)
4(1048 1237 1238 1049)
4(1216 1217 1238 1237)
4(1030 1051 1240 1219)
4(1050 1239 1240 1051)
4(1218 1219 1240 1239)
4(1031 1052 1241 1220)
4(1051 1240 1241 1052)
4(1219 1220 1241 1240)
4(1032 1053 1242 1221)
4(1052 1241 1242 1053)
4(1220 1221 1242 1241)
4(1033 1054 1243 1222)
4(1053 1242 1243 1054)
4(1221 1222 1243 1242)
4(1034 1055 1244 1223)
4(1054 1243 1244 1055)
4(1222 1223 1244 1243)
4(1035 1056 1245 1224)
4(1055 1244 1245 1056)
4(1223 1224 1245 1244)
4(1036 1057 1246 1225)
4(1056 1245 1246 1057)
4(1224 1225 1246 1245)
4(1037 1058 1247 1226)
4(1057 1246 1247 1058)
4(1225 1226 1247 1246)
4(1038 1059 1248 1227)
4(1058 1247 1248 1059)
4(1226 1227 1248 1247)
4(1039 1060 1249 1228)
4(1059 1248 1249 1060)
4(1227 1228 1249 1248)
4(1040 1061 1250 1229)
4(1060 1249 1250 1061)
4(1228 1229 1250 1249)
4(1041 1062 1251 1230)
4(1061 1250 1251 1062)
4(1229 1230 1251 1250)
4(1042 1063 1252 1231)
4(1062 1251 1252 1063)
4(1230 1231 1252 1251)
4(1043 1064 1253 1232)
4(1063 1252 1253 1064)
4(1231 1232 1253 1252)
4(1044 1065 1254 1233)
4(1064 1253 1254 1065)
4(1232 1233 1254 1253)
4(1045 1066 1255 1234)
4(1065 1254 1255 1066)
4(1233 1234 1255 1254)
4(1046 1067 1256 1235)
4(1066 1255 1256 1067)
4(1234 1235 1256 1255)
4(1047 1068 1257 1236)
4(1067 1256 1257 1068)
4(1235 1236 1257 1256)
4(1048 1069 1258 1237)
4(1068 1257 1258 1069)
4(1236 1237 1258 1257)
4(1069 1258 1259 1070)
4(1237 1238 1259 1258)
4(1051 1072 1261 1240)
4(1071 1260 1261 1072)
4(1239 1240 1261 1260)
4(1052 1073 1262 1241)
4(1072 1261 1262 1073)
4(1240 1241 1262 1261)
4(1053 1074 1263 1242)
4(1073 1262 1263 1074)
4(1241 1242 1263 1262)
4(1054 1075 1264 1243)
4(1074 1263 1264 1075)
4(1242 1243 1264 1263)
4(1055 1076 1265 1244)
4(1075 1264 1265 1076)
4(1243 1244 1265 1264)
4(1056 1077 1266 1245)
4(1076 1265 1266 1077)
4(1244 1245 1266 1265)
4(1057 1078 1267 1246)
4(1077 1266 1267 1078)
4(1245 1246 1267 1266)
4(1058 1079 1268 1247)
4(1078 1267 1268 1079)
4(1246 1247 1268 1267)
4(1059 1080 1269 1248)
4(1079 1268 1269 1080)
4(1247 1248 1269 1268)
4(1060 1081 1270 1249)
4(1080 1269 1270 1081)
4(1248 1249 1270 1269)
4(1061 1082 1271 1250)
4(1081 1270 1271 1082)
4(1249 1250 1271 1270)
4(1062 1083 1272 1251)
4(1082 1271 1272 1083)
4(1250 1251 1272 1271)
4(1063 1084 1273 1252)
4(1083 1272 1273 1084)
4(1251 1252 1273 1272)
4(1064 1085 1274 1253)
4(1084 1273 1274 1085)
4(1252 1253 1274 1273)
4(1065 1086 1275 1254)
4(1085 1274 1275 1086)
4(1253 1254 1275 1274)
4(1066 1087 1276 1255)
4(1086 1275 1276 1087)
4(1254 1255 1276 1275)
4(1067 1088 1277 1256)
4(1087 1276 1277 1088)
4(1255 1256 1277 1276)
4(1068 1089 1278 1257)
4(1088 1277 1278 1089)
4(1256 1257 1278 1277)
4(1069 1090 1279 1258)
4(1089 1278 1279 1090)
4(1257 1258 1279 1278)
4(1090 1279 1280 1091)
4(1258 1259 1280 1279)
4(1072 1093 1282 1261)
4(1092 1281 1282 1093)
4(1260 1261 1282 1281)
4(1073 1094 1283 1262)
4(1093 1282 1283 1094)
4(1261 1262 1283 1282)
4(1074 1095 1284 1263)
4(1094 1283 1284 1095)
4(1262 1263 1284 1283)
4(1075 1096 1285 1264)
4(1095 1284 1285 1096)
4(1263 1264 1285 1284)
4(1076 1097 1286 1265)
4(1096 1285 1286 1097)
4(1264 1265 1286 1285)
4(1077 1098 1287 1266)
4(1097 1286 1287 1098)
4(1265 1266 1287 1286)
4(1078 1099 1288 1267)
4(1098 1287 1288 1099)
4(1266 1267 1288 1287)
4(1079 1100 1289 1268)
4(1099 1288 1289 1100)
4(1267 1268 1289 1288)
4(1080 1101 1290 1269)
4(1100 1289 1290 1101)
4(1268 1269 1290 1289)
4(1081 1102 1291 1270)
4(1101 1290 1291 1102)
4(1269 1270 1291 1290)
4(1082 1103 1292 1271)
4(1102 1291 1292 1103)
4(1270 1271 1292 1291)
4(1083 1104 1293 1272)
4(1103 1292 1293 1104)
4(1271 1272 1293 1292)
4(1084 1105 1294 1273)
4(1104 1293 1294 1105)
4(1272 1273 1294 1293)
4(1085 1106 1295 1274)
4(1105 1294 1295 1106)
4(1273 1274 1295 1294)
4(1086 1107 1296 1275)
4(1106 1295 1296 1107)
4(1274 1275 1296 1295)
4(1087 1108 1297 1276)
4(1107 1296 1297 1108)
4(1275 1276 1297 1296)
4(1088 1109 1298 1277)
4(1108 1297 1298 1109)
4(1276 1277 1298 1297)
4(1089 1110 1299 1278)
4(1109 1298 1299 1110)
4(1277 1278 1299 1298)
4(1090 1111 1300 1279)
4(1110 1299 1300 1111)
4(1278 1279 1300 1299)
4(1111 1300 1301 1112)
4(1279 1280 1301 1300)
4(1093 1114 1303 1282)
4(1281 1282 1303 1302)
4(1094 1115 1304 1283)
4(1282 1283 1304 1303)
4(1095 1116 1305 1284)
4(1283 1284 1305 1304)
4(1096 1117 1306 1285)
4(1284 1285 1306 1305)
4(1097 1118 1307 1286)
4(1285 1286 1307 1306)
4(1098 1119 1308 1287)
4(1286 1287 1308 1307)
4(1099 1120 1309 1288)
4(1287 1288 1309 1308)
4(1100 1121 1310 1289)
4(1288 1289 1310 1309)
4(1101 1122 1311 1290)
4(1289 1290 1311 1310)
4(1102 1123 1312 1291)
4(1290 1291 1312 1311)
4(1103 1124 1313 1292)
4(1291 1292 1313 1312)
4(1104 1125 1314 1293)
4(1292 1293 1314 1313)
4(1105 1126 1315 1294)
4(1293 1294 1315 1314)
4(1106 1127 1316 1295)
4(1294 1295 1316 1315)
4(1107 1128 1317 1296)
4(1295 1296 1317 1316)
4(1108 1129 1318 1297)
4(1296 1297 1318 1317)
4(1109 1130 1319 1298)
4(1297 1298 1319 1318)
4(1110 1131 1320 1299)
4(1298 1299 1320 1319)
4(1111 1132 1321 1300)
4(1299 1300 1321 1320)
4(1300 1301 1322 1321)
4(1135 1156 1345 1324)
4(1155 1344 1345 1156)
4(1323 1324 1345 1344)
4(1136 1157 1346 1325)
4(1156 1345 1346 1157)
4(1324 1325 1346 1345)
4(1137 1158 1347 1326)
4(1157 1346 1347 1158)
4(1325 1326 1347 1346)
4(1138 1159 1348 1327)
4(1158 1347 1348 1159)
4(1326 1327 1348 1347)
4(1139 1160 1349 1328)
4(1159 1348 1349 1160)
4(1327 1328 1349 1348)
4(1140 1161 1350 1329)
4(1160 1349 1350 1161)
4(1328 1329 1350 1349)
4(1141 1162 1351 1330)
4(1161 1350 1351 1162)
4(1329 1330 1351 1350)
4(1142 1163 1352 1331)
4(1162 1351 1352 1163)
4(1330 1331 1352 1351)
4(1143 1164 1353 1332)
4(1163 1352 1353 1164)
4(1331 1332 1353 1352)
4(1144 1165 1354 1333)
4(1164 1353 1354 1165)
4(1332 1333 1354 1353)
4(1145 1166 1355 1334)
4(1165 1354 1355 1166)
4(1333 1334 1355 1354)
4(1146 1167 1356 1335)
4(1166 1355 1356 1167)
4(1334 1335 1356 1355)
4(1147 1168 1357 1336)
4(1167 1356 1357 1168)
4(1335 1336 1357 1356)
4(1148 1169 1358 1337)
4(1168 1357 1358 1169)
4(1336 1337 1358 1357)
4(1149 1170 1359 1338)
4(1169 1358 1359 1170)
4(1337 1338 1359 1358)
4(1150 1171 1360 1339)
4(1170 1359 1360 1171)
4(1338 1339 1360 1359)
4(1151 1172 1361 1340)
4(1171 1360 1361 1172)
4(1339 1340 1361 1360)
4(1152 1173 1362 1341)
4(1172 1361 1362 1173)
4(1340 1341 1362 1361)
4(1153 1174 1363 1342)
4(1173 1362 1363 1174)
4(1341 1342 1363 1362)
4(1174 1363 1364 1175)
4(1342 1343 1364 1363)
4(1156 1177 1366 1345)
4(1176 1365 1366 1177)
4(1344 1345 1366 1365)
4(1157 1178 1367 1346)
4(1177 1366 1367 1178)
4(1345 1346 1367 1366)
4(1158 1179 1368 1347)
4(1178 1367 1368 1179)
4(1346 1347 1368 1367)
4(1159 1180 1369 1348)
4(1179 1368 1369 1180)
4(1347 1348 1369 1368)
4(1160 1181 1370 1349)
4(1180 1369 1370 1181)
4(1348 1349 1370 1369)
4(1161 1182 1371 1350)
4(1181 1370 1371 1182)
4(1349 1350 1371 1370)
4(1162 1183 1372 1351)
4(1182 1371 1372 1183)
4(1350 1351 1372 1371)
4(1163 1184 1373 1352)
4(1183 1372 1373 1184)
4(1351 1352 1373 1372)
4(1164 1185 1374 1353)
4(1184 1373 1374 1185)
4(1352 1353 1374 1373)
4(1165 1186 1375 1354)
4(1185 1374 1375 1186)
4(1353 1354 1375 1374)
4(1166 1187 1376 1355)
4(1186 1375 1376 1187)
4(1354 1355 1376 1375)
4(1167 1188 1377 1356)
4(1187 1376 1377 1188)
4(1355 1356 1377 1376)
4(1168 1189 1378 1357)
4(1188 1377 1378 1189)
4(1356 1357 1378 1377)
4(1169 1190 1379 1358)
4(1189 1378 1379 1190)
4(1357 1358 1379 1378)
4(1170 1191 1380 1359)
4(1190 1379 1380 1191)
4(1358 1359 1380 1379)
4(1171 1192 1381 1360)
4(1191 1380 1381 1192)
4(1359 1360 1381 1380)
4(1172 1193 1382 1361)
4(1192 1381 1382 1193)
4(1360 1361 1382 1381)
4(1173 1194 1383 1362)
4(1193 1382 1383 1194)
4(1361 1362 1383 1382)
4(1174 1195 1384 1363)
4(1194 1383 1384 1195)
4(1362 1363 1384 1383)
4(1195 1384 1385 1196)
4(1363 1364 1385 1384)
4(1177 1198 1387 1366)
4(1197 1386 1387 1198)
4(1365 1366 1387 1386)
4(1178 1199 1388 1367)
4(1198 1387 1388 1199)
4(1366 1367 1388 1387)
4(1179 1200 1389 1368)
4(1199 1388 1389 1200)
4(1367 1368 1389 1388)
4(1180 1201 1390 1369)
4(1200 1389 1390 1201)
4(1368 1369 1390 1389)
4(1181 1202 1391 1370)
4(1201 1390 1391 1202)
4(1369 1370 1391 1390)
4(1182 1203 1392 1371)
4(1202 1391 1392 1203)
4(1370 1371 1392 1391)
4(1183 1204 1393 1372)
4(1203 1392 1393 1204)
4(1371 1372 1393 1392)
4(1184 1205 1394 1373)
4(1204 1393 1394 1205)
4(1372 1373 1394 1393)
4(1185 1206 1395 1374)
4(1205 1394 1395 1206)
4(1373 1374 1395 1394)
4(1186 1207 1396 1375)
4(1206 1395 1396 1207)
4(1374 1375 1396 1395)
4(1187 1208 1397 1376)
4(1207 1396 1397 1208)
4(1375 1376 1397 1396)
4(1188 1209 1398 1377)
4(1208 1397 1398 1209)
4(1376 1377 1398 1397)
4(1189 1210 1399 1378)
4(1209 1398 1399 1210)
4(1377 1378 1399 1398)
4(1190 1211 1400 1379)
4(1210 1399 1400 1211)
4(1378 1379 1400 1399)
4(1191 1212 1401 1380)
4(1211 1400 1401 1212)
4(1379 1380 1401 1400)
4(1192 1213 1402 1381)
4(1212 1401 1402 1213)
4(1380 1381 1402 1401)
4(1193 1214 1403 1382)
4(1213 1402 1403 1214)
4(1381 1382 1403 1402)
4(1194 1215 1404 1383)
4(1214 1403 1404 1215)
4(1382 1383 1404 1403)
4(1195 1216 1405 1384)
4(1215 1404 1405 1216)
4(1383 1384 1405 1404)
4(1216 1405 1406 1217)
4(1384 1385 1406 1405)
4(1198 1219 1408 1387)
4(1218 1407 1408 1219)
4(1386 1387 1408 1407)
4(1199 1220 1409 1388)
4(1219 1408 1409 1220)
4(1387 1388 1409 1408)
4(1200 1221 1410 1389)
4(1220 1409 1410 1221)
4(1388 1389 1410 1409)
4(1201 1222 1411 1390)
4(1221 1410 1411 1222)
4(1389 1390 1411 1410)
4(1202 1223 1412 1391)
4(1222 1411 1412 1223)
4(1390 1391 1412 1411)
4(1203 1224 1413 1392)
4(1223 1412 1413 1224)
4(1391 1392 1413 1412)
4(1204 1225 1414 1393)
4(1224 1413 1414 1225)
4(1392 1393 1414 1413)
4(1205 1226 1415 1394)
4(1225 1414 1415 1226)
4(1393 1394 1415 1414)
4(1206 1227 1416 1395)
4(1226 1415 1416 1227)
4(1394 1395 1416 1415)
4(1207 1228 1417 1396)
4(1227 1416 1417 1228)
4(1395 1396 1417 1416)
4(1208 1229 1418 1397)
4(1228 1417 1418 1229)
4(1396 1397 1418 1417)
4(1209 1230 1419 1398)
4(1229 1418 1419 1230)
4(1397 1398 1419 1418)
4(1210 1231 1420 1399)
4(1230 1419 1420 1231)
4(1398 1399 1420 1419)
4(1211 1232 1421 1400)
4(1231 1420 1421 1232)
4(1399 1400 1421 1420)
4(1212 1233 1422 1401)
4(1232 1421 1422 1233)
4(1400 1401 1422 1421)
4(1213 1234 1423 1402)
4(1233 1422 1423 1234)
4(1401 1402 1423 1422)
4(1214 1235 1424 1403)
4(1234 1423 1424 1235)
4(1402 1403 1424 1423)
4(1215 1236 1425 1404)
4(1235 1424 1425 1236)
4(1403 1404 1425 1424)
4(1216 1237 1426 1405)
4(1236 1425 1426 1237)
4(1404 1405 1426 1425)
4(1237 1426 1427 1238)
4(1405 1406 1427 1426)
4(1219 1240 1429 1408)
4(1239 1428 1429 1240)
4(1407 1408 1429 1428)
4(1220 1241 1430 1409)
4(1240 1429 1430 1241)
4(1408 1409 1430 1429)
4(1221 1242 1431 1410)
4(1241 1430 1431 1242)
4(1409 1410 1431 1430)
4(1222 1243 1432 1411)
4(1242 1431 1432 1243)
4(1410 1411 1432 1431)
4(1223 1244 1433 1412)
4(1243 1432 1433 1244)
4(1411 1412 1433 1432)
4(1224 1245 1434 1413)
4(1244 1433 1434 1245)
4(1412 1413 1434 1433)
4(1225 1246 1435 1414)
4(1245 1434 1435 1246)
4(1413 1414 1435 1434)
4(1226 1247 1436 1415)
4(1246 1435 1436 1247)
4(1414 1415 1436 1435)
4(1227 1248 1437 1416)
4(1247 1436 1437 1248)
4(1415 1416 1437 1436)
4(1228 1249 1438 1417)
4(1248 1437 1438 1249)
4(1416 1417 1438 1437)
4(1229 1250 1439 1418)
4(1249 1438 1439 1250)
4(1417 1418 1439 1438)
4(1230 1251 1440 1419)
4(1250 1439 1440 1251)
4(1418 1419 1440 1439)
4(1231 1252 1441 1420)
4(1251 1440 1441 1252)
4(1419 1420 1441 1440)
4(1232 1253 1442 1421)
4(1252 1441 1442 1253)
4(1420 1421 1442 1441)
4(1233 1254 1443 1422)
4(1253 1442 1443 1254)
4(1421 1422 1443 1442)
4(1234 1255 1444 1423)
4(1254 1443 1444 1255)
4(1422 1423 1444 1443)
4(1235 1256 1445 1424)
4(1255 1444 1445 1256)
4(1423 1424 1445 1444)
4(1236 1257 1446 1425)
4(1256 1445 1446 1257)
4(1424 1425 1446 1445)
4(1237 1258 1447 1426)
4(1257 1446 1447 1258)
4(1425 1426 1447 1446)
4(1258 1447 1448 1259)
4(1426 1427 1448 1447)
4(1240 1261 1450 1429)
4(1260 1449 1450 1261)
4(1428 1429 1450 1449)
4(1241 1262 1451 1430)
4(1261 1450 1451 1262)
4(1429 1430 1451 1450)
4(1242 1263 1452 1431)
4(1262 1451 1452 1263)
4(1430 1431 1452 1451)
4(1243 1264 1453 1432)
4(1263 1452 1453 1264)
4(1431 1432 1453 1452)
4(1244 1265 1454 1433)
4(1264 1453 1454 1265)
4(1432 1433 1454 1453)
4(1245 1266 1455 1434)
4(1265 1454 1455 1266)
4(1433 1434 1455 1454)
4(1246 1267 1456 1435)
4(1266 1455 1456 1267)
4(1434 1435 1456 1455)
4(1247 1268 1457 1436)
4(1267 1456 1457 1268)
4(1435 1436 1457 1456)
4(1248 1269 1458 1437)
4(1268 1457 1458 1269)
4(1436 1437 1458 1457)
4(1249 1270 1459 1438)
4(1269 1458 1459 1270)
4(1437 1438 1459 1458)
4(1250 1271 1460 1439)
4(1270 1459 1460 1271)
4(1438 1439 1460 1459)
4(1251 1272 1461 1440)
4(1271 1460 1461 1272)
4(1439 1440 1461 1460)
4(1252 1273 1462 1441)
4(1272 1461 1462 1273)
4(1440 1441 1462 1461)
4(1253 1274 1463 1442)
4(1273 1462 1463 1274)
4(1441 1442 1463 1462)
4(1254 1275 1464 1443)
4(1274 1463 1464 1275)
4(1442 1443 1464 1463)
4(1255 1276 1465 1444)
4(1275 1464 1465 1276)
4(1443 1444 1465 1464)
4(1256 1277 1466 1445)
4(1276 1465 1466 1277)
4(1444 1445 1466 1465)
4(1257 1278 1467 1446)
4(1277 1466 1467 1278)
4(1445 1446 1467 1466)
4(1258 1279 1468 1447)
4(1278 1467 1468 1279)
4(1446 1447 1468 1467)
4(1279 1468 1469 1280)
4(1447 1448 1469 1468)
4(1261 1282 1471 1450)
4(1281 1470 1471 1282)
4(1449 1450 1471 1470)
4(1262 1283 1472 1451)
4(1282 1471 1472 1283)
4(1450 1451 1472 1471)
4(1263 1284 1473 1452)
4(1283 1472 1473 1284)
4(1451 1452 1473 1472)
4(1264 1285 1474 1453)
4(1284 1473 1474 1285)
4(1452 1453 1474 1473)
4(1265 1286 1475 1454)
4(1285 1474 1475 1286)
4(1453 1454 1475 1474)
4(1266 1287 1476 1455)
4(1286 1475 1476 1287)
4(1454 1455 1476 1475)
4(1267 1288 1477 1456)
4(1287 1476 1477 1288)
4(1455 1456 1477 1476)
4(1268 1289 1478 1457)
4(1288 1477 1478 1289)
4(1456 1457 1478 1477)
4(1269 1290 1479 1458)
4(1289 1478 1479 1290)
4(1457 1458 1479 1478)
4(1270 1291 1480 1459)
4(1290 1479 1480 1291)
4(1458 1459 1480 1479)
4(1271 1292 1481 1460)
4(1291 1480 1481 1292)
4(1459 1460 1481 1480)
4(1272 1293 1482 1461)
4(1292 1481 1482 1293)
4(1460 1461 1482 1481)
4(1273 1294 1483 1462)
4(1293 1482 1483 1294)
4(1461 1462 1483 1482)
4(1274 1295 1484 1463)
4(1294 1483 1484 1295)
4(1462 1463 1484 1483)
4(1275 1296 1485 1464)
4(1295 1484 1485 1296)
4(1463 1464 1485 1484)
4(1276 1297 1486 1465)
4(1296 1485 1486 1297)
4(1464 1465 1486 1485)
4(1277 1298 1487 1466)
4(1297 1486 1487 1298)
4(1465 1466 1487 1486)
4(1278 1299 1488 1467)
4(1298 1487 1488 1299)
4(1466 1467 1488 1487)
4(1279 1300 1489 1468)
4(1299 1488 1489 1300)
4(1467 1468 1489 1488)
4(1300 1489 1490 1301)
4(1468 1469 1490 1489)
4(1282 1303 1492 1471)
4(1470 1471 1492 1491)
4(1283 1304 1493 1472)
4(1471 1472 1493 1492)
4(1284 1305 1494 1473)
4(1472 1473 1494 1493)
4(1285 1306 1495 1474)
4(1473 1474 1495 1494)
4(1286 1307 1496 1475)
4(1474 1475 1496 1495)
4(1287 1308 1497 1476)
4(1475 1476 1497 1496)
4(1288 1309 1498 1477)
4(1476 1477 1498 1497)
4(1289 1310 1499 1478)
4(1477 1478 1499 1498)
4(1290 1311 1500 1479)
4(1478 1479 1500 1499)
4(1291 1312 1501 1480)
4(1479 1480 1501 1500)
4(1292 1313 1502 1481)
4(1480 1481 1502 1501)
4(1293 1314 1503 1482)
4(1481 1482 1503 1502)
4(1294 1315 1504 1483)
4(1482 1483 1504 1503)
4(1295 1316 1505 1484)
4(1483 1484 1505 1504)
4(1296 1317 1506 1485)
4(1484 1485 1506 1505)
4(1297 1318 1507 1486)
4(1485 1486 1507 1506)
4(1298 1319 1508 1487)
4(1486 1487 1508 1507)
4(1299 1320 1509 1488)
4(1487 1488 1509 1508)
4(1300 1321 1510 1489)
4(1488 1489 1510 1509)
4(1489 1490 1511 1510)
4(1324 1345 1534 1513)
4(1344 1533 1534 1345)
4(1325 1346 1535 1514)
4(1345 1534 1535 1346)
4(1326 1347 1536 1515)
4(1346 1535 1536 1347)
4(1327 1348 1537 1516)
4(1347 1536 1537 1348)
4(1328 1349 1538 1517)
4(1348 1537 1538 1349)
4(1329 1350 1539 1518)
4(1349 1538 1539 1350)
4(1330 1351 1540 1519)
4(1350 1539 1540 1351)
4(1331 1352 1541 1520)
4(1351 1540 1541 1352)
4(1332 1353 1542 1521)
4(1352 1541 1542 1353)
4(1333 1354 1543 1522)
4(1353 1542 1543 1354)
4(1334 1355 1544 1523)
4(1354 1543 1544 1355)
4(1335 1356 1545 1524)
4(1355 1544 1545 1356)
4(1336 1357 1546 1525)
4(1356 1545 1546 1357)
4(1337 1358 1547 1526)
4(1357 1546 1547 1358)
4(1338 1359 1548 1527)
4(1358 1547 1548 1359)
4(1339 1360 1549 1528)
4(1359 1548 1549 1360)
4(1340 1361 1550 1529)
4(1360 1549 1550 1361)
4(1341 1362 1551 1530)
4(1361 1550 1551 1362)
4(1342 1363 1552 1531)
4(1362 1551 1552 1363)
4(1363 1552 1553 1364)
4(1345 1366 1555 1534)
4(1365 1554 1555 1366)
4(1346 1367 1556 1535)
4(1366 1555 1556 1367)
4(1347 1368 1557 1536)
4(1367 1556 1557 1368)
4(1348 1369 1558 1537)
4(1368 1557 1558 1369)
4(1349 1370 1559 1538)
4(1369 1558 1559 1370)
4(1350 1371 1560 1539)
4(1370 1559 1560 1371)
4(1351 1372 1561 1540)
4(1371 1560 1561 1372)
4(1352 1373 1562 1541)
4(1372 1561 1562 1373)
4(1353 1374 1563 1542)
4(1373 1562 1563 1374)
4(1354 1375 1564 1543)
4(1374 1563 1564 1375)
4(1355 1376 1565 1544)
4(1375 1564 1565 1376)
4(1356 1377 1566 1545)
4(1376 1565 1566 1377)
4(1357 1378 1567 1546)
4(1377 1566 1567 1378)
4(1358 1379 1568 1547)
4(1378 1567 1568 1379)
4(1359 1380 1569 1548)
4(1379 1568 1569 1380)
4(1360 1381 1570 1549)
4(1380 1569 1570 1381)
4(1361 1382 1571 1550)
4(1381 1570 1571 1382)
4(1362 1383 1572 1551)
4(1382 1571 1572 1383)
4(1363 1384 1573 1552)
4(1383 1572 1573 1384)
4(1384 1573 1574 1385)
4(1366 1387 1576 1555)
4(1386 1575 1576 1387)
4(1367 1388 1577 1556)
4(1387 1576 1577 1388)
4(1368 1389 1578 1557)
4(1388 1577 1578 1389)
4(1369 1390 1579 1558)
4(1389 1578 1579 1390)
4(1370 1391 1580 1559)
4(1390 1579 1580 1391)
4(1371 1392 1581 1560)
4(1391 1580 1581 1392)
4(1372 1393 1582 1561)
4(1392 1581 1582 1393)
4(1373 1394 1583 1562)
4(1393 1582 1583 1394)
4(1374 1395 1584 1563)
4(1394 1583 1584 1395)
4(1375 1396 1585 1564)
4(1395 1584 1585 1396)
4(1376 1397 1586 1565)
4(1396 1585 1586 1397)
4(1377 1398 1587 1566)
4(1397 1586 1587 1398)
4(1378 1399 1588 1567)
4(1398 1587 1588 1399)
4(1379 1400 1589 1568)
4(1399 1588 1589 1400)
4(1380 1401 1590 1569)
4(1400 1589 1590 1401)
4(1381 1402 1591 1570)
4(1401 1590 1591 1402)
4(1382 1403 1592 1571)
4(1402 1591 1592 1403)
4(1383 1404 1593 1572)
4(1403 1592 1593 1404)
4(1384 1405 1594 1573)
4(1404 1593 1594 1405)
4(1405 1594 1595 1406)
4(1387 1408 1597 1576)
4(1407 1596 1597 1408)
4(1388 1409 1598 1577)
4(1408 1597 1598 1409)
4(1389 1410 1599 1578)
4(1409 1598 1599 1410)
4(1390 1411 1600 1579)
4(1410 1599 1600 1411)
4(1391 1412 1601 1580)
4(1411 1600 1601 1412)
4(1392 1413 1602 1581)
4(1412 1601 1602 1413)
4(1393 1414 1603 1582)
4(1413 1602 1603 1414)
4(1394 1415 1604 1583)
4(1414 1603 1604 1415)
4(1395 1416 1605 1584)
4(1415 1604 1605 1416)
4(1396 1417 1606 1585)
4(1416 1605 1606 1417)
4(1397 1418 1607 1586)
4(1417 1606 1607 1418)
4(1398 1419 1608 1587)
4(1418 1607 1608 1419)
4(1399 1420 1609 1588)
4(1419 1608 1609 1420)
4(1400 1421 1610 1589)
4(1420 1609 1610 1421)
4(1401 1422 1611 1590)
4(1421 1610 1611 1422)
4(1402 1423 1612 1591)
4(1422 1611 1612 1423)
4(1403 1424 1613 1592)
4(1423 1612 1613 1424)
4(1404 1425 1614 1593)
4(1424 1613 1614 1425)
4(1405 1426 1615 1594)
4(1425 1614 1615 1426)
4(1426 1615 1616 1427)
4(1408 1429 1618 1597)
4(1428 1617 1618 1429)
4(1409 1430 1619 1598)
4(1429 1618 1619 1430)
4(1410 1431 1620 1599)
4(1430 1619 1620 1431)
4(1411 1432 1621 1600)
4(1431 1620 1621 1432)
4(1412 1433 1622 1601)
4(1432 1621 1622 1433)
4(1413 1434 1623 1602)
4(1433 1622 1623 1434)
4(1414 1435 1624 1603)
4(1434 1623 1624 1435)
4(1415 1436 1625 1604)
4(1435 1624 1625 1436)
4(1416 1437 1626 1605)
4(1436 1625 1626 1437)
4(1417 1438 1627 1606)
4(1437 1626 1627 1438)
4(1418 1439 1628 1607)
4(1438 1627 1628 1439)
4(1419 1440 1629 1608)
4(1439 1628 1629 1440)
4(1420 1441 1630 1609)
4(1440 1629 1630 1441)
4(1421 1442 1631 1610)
4(1441 1630 1631 1442)
4(1422 1443 1632 1611)
4(1442 1631 1632 1443)
4(1423 1444 1633 1612)
4(1443 1632 1633 1444)
4(1424 1445 1634 1613)
4(1444 1633 1634 1445)
4(1425 1446 1635 1614)
4(1445 1634 1635 1446)
4(1426 1447 1636 1615)
4(1446 1635 1636 1447)
4(1447 1636 1637 1448)
4(1429 1450 1639 1618)
4(1449 1638 1639 1450)
4(1430 1451 1640 1619)
4(1450 1639 1640 1451)
4(1431 1452 1641 1620)
4(1451 1640 1641 1452)
4(1432 1453 1642 1621)
4(1452 1641 1642 1453)
4(1433 1454 1643 1622)
4(1453 1642 1643 1454)
4(1434 1455 1644 1623)
4(1454 1643 1644 1455)
4(1435 1456 1645 1624)
4(1455 1644 1645 1456)
4(1436 1457 1646 1625)
4(1456 1645 1646 1457)
4(1437 1458 1647 1626)
4(1457 1646 1647 1458)
4(1438 1459 1648 1627)
4(1458 1647 1648 1459)
4(1439 1460 1649 1628)
4(1459 1648 1649 1460)
4(1440 1461 1650 1629)
4(1460 1649 1650 1461)
4(1441 1462 1651 1630)
4(1461 1650 1651 1462)
4(1442 1463 1652 1631)
4(1462 1651 1652 1463)
4(1443 1464 1653 1632)
4(1463 1652 1653 1464)
4(1444 1465 1654 1633)
4(1464 1653 1654 1465)
4(1445 1466 1655 1634)
4(1465 1654 1655 1466)
4(1446 1467 1656 1635)
4(1466 1655 1656 1467)
4(1447 1468 1657 1636)
4(1467 1656 1657 1468)
4(1468 1657 1658 1469)
4(1450 1471 1660 1639)
4(1470 1659 1660 1471)
4(1451 1472 1661 1640)
4(1471 1660 1661 1472)
4(1452 1473 1662 1641)
4(1472 1661 1662 1473)
4(1453 1474 1663 1642)
4(1473 1662 1663 1474)
4(1454 1475 1664 1643)
4(1474 1663 1664 1475)
4(1455 1476 1665 1644)
4(1475 1664 1665 1476)
4(1456 1477 1666 1645)
4(1476 1665 1666 1477)
4(1457 1478 1667 1646)
4(1477 1666 1667 1478)
4(1458 1479 1668 1647)
4(1478 1667 1668 1479)
4(1459 1480 1669 1648)
4(1479 1668 1669 1480)
4(1460 1481 1670 1649)
4(1480 1669 1670 1481)
4(1461 1482 1671 1650)
4(1481 1670 1671 1482)
4(1462 1483 1672 1651)
4(1482 1671 1672 1483)
4(1463 1484 1673 1652)
4(1483 1672 1673 1484)
4(1464 1485 1674 1653)
4(1484 1673 1674 1485)
4(1465 1486 1675 1654)
4(1485 1674 1675 1486)
4(1466 1487 1676 1655)
4(1486 1675 1676 1487)
4(1467 1488 1677 1656)
4(1487 1676 1677 1488)
4(1468 1489 1678 1657)
4(1488 1677 1678 1489)
4(1489 1678 1679 1490)
4(1471 1492 1681 1660)
4(1472 1493 1682 1661)
4(1473 1494 1683 1662)
4(1474 1495 1684 1663)
4(1475 1496 1685 1664)
4(1476 1497 1686 1665)
4(1477 1498 1687 1666)
4(1478 1499 1688 1667)
4(1479 1500 1689 1668)
4(1480 1501 1690 1669)
4(1481 1502 1691 1670)
4(1482 1503 1692 1671)
4(1483 1504 1693 1672)
4(1484 1505 1694 1673)
4(1485 1506 1695 1674)
4(1486 1507 1696 1675)
4(1487 1508 1697 1676)
4(1488 1509 1698 1677)
4(1489 1510 1699 1678)
4(0 21 22 1)
4(21 42 43 22)
4(42 63 64 43)
4(63 84 85 64)
4(84 105 106 85)
4(105 126 127 106)
4(126 147 148 127)
4(147 168 169 148)
4(1 22 23 2)
4(22 43 44 23)
4(43 64 65 44)
4(64 85 86 65)
4(85 106 107 86)
4(106 127 128 107)
4(127 148 149 128)
4(148 169 170 149)
4(2 23 24 3)
4(23 44 45 24)
4(44 65 66 45)
4(65 86 87 66)
4(86 107 108 87)
4(107 128 129 108)
4(128 149 150 129)
4(149 170 171 150)
4(3 24 25 4)
4(24 45 46 25)
4(45 66 67 46)
4(66 87 88 67)
4(87 108 109 88)
4(108 129 130 109)
4(129 150 151 130)
4(150 171 172 151)
4(4 25 26 5)
4(25 46 47 26)
4(46 67 68 47)
4(67 88 89 68)
4(88 109 110 89)
4(109 130 131 110)
4(130 151 152 131)
4(151 172 173 152)
4(5 26 27 6)
4(26 47 48 27)
4(47 68 69 48)
4(68 89 90 69)
4(89 110 111 90)
4(110 131 132 111)
4(131 152 153 132)
4(152 173 174 153)
4(6 27 28 7)
4(27 48 49 28)
4(48 69 70 49)
4(69 90 91 70)
4(90 111 112 91)
4(111 132 133 112)
4(132 153 154 133)
4(153 174 175 154)
4(7 28 29 8)
4(28 49 50 29)
4(49 70 71 50)
4(70 91 92 71)
4(91 112 113 92)
4(112 133 134 113)
4(133 154 155 134)
4(154 175 176 155)
4(8 29 30 9)
4(29 50 51 30)
4(50 71 72 51)
4(71 92 93 72)
4(92 113 114 93)
4(113 134 135 114)
4(134 155 156 135)
4(155 176 177 156)
4(9 30 31 10)
4(30 51 52 31)
4(51 72 73 52)
4(72 93 94 73)
4(93 114 115 94)
4(114 135 136 115)
4(135 156 157 136)
4(156 177 178 157)
4(10 31 32 11)
4(31 52 53 32)
4(52 73 74 53)
4(73 94 95 74)
4(94 115 116 95)
4(115 136 137 116)
4(136 157 158 137)
4(157 178 179 158)
4(11 32 33 12)
4(32 53 54 33)
4(53 74 75 54)
4(74 95 96 75)
4(95 116 117 96)
4(116 137 138 117)
4(137 158 159 138)
4(158 179 180 159)
4(12 33 34 13)
4(33 54 55 34)
4(54 75 76 55)
4(75 96 97 76)
4(96 117 118 97)
4(117 138 139 118)
4(138 159 160 139)
4(159 180 181 160)
4(13 34 35 14)
4(34 55 56 35)
4(55 76 77 56)
4(76 97 98 77)
4(97 118 119 98)
4(118 139 140 119)
4(139 160 161 140)
4(160 181 182 161)
4(14 35 36 15)
4(35 56 57 36)
4(56 77 78 57)
4(77 98 99 78)
4(98 119 120 99)
4(119 140 141 120)
4(140 161 162 141)
4(161 182 183 162)
4(15 36 37 16)
4(36 57 58 37)
4(57 78 79 58)
4(78 99 100 79)
4(99 120 121 100)
4(120 141 142 121)
4(141 162 163 142)
4(162 183 184 163)
4(16 37 38 17)
4(37 58 59 38)
4(58 79 80 59)
4(79 100 101 80)
4(100 121 122 101)
4(121 142 143 122)
4(142 163 164 143)
4(163 184 185 164)
4(17 38 39 18)
4(38 59 60 39)
4(59 80 81 60)
4(80 101 102 81)
4(101 122 123 102)
4(122 143 144 123)
4(143 164 165 144)
4(164 185 186 165)
4(18 39 40 19)
4(39 60 61 40)
4(60 81 82 61)
4(81 102 103 82)
4(102 123 124 103)
4(123 144 145 124)
4(144 165 166 145)
4(165 186 187 166)
4(19 40 41 20)
4(40 61 62 41)
4(61 82 83 62)
4(82 103 104 83)
4(103 124 125 104)
4(124 145 146 125)
4(145 166 167 146)
4(166 187 188 167)
4(1512 1513 1534 1533)
4(1533 1534 1555 1554)
4(1554 1555 1576 1575)
4(1575 1576 1597 1596)
4(1596 1597 1618 1617)
4(1617 1618 1639 1638)
4(1638 1639 1660 1659)
4(1659 1660 1681 1680)
4(1513 1514 1535 1534)
4(1534 1535 1556 1555)
4(1555 1556 1577 1576)
4(1576 1577 1598 1597)
4(1597 1598 1619 1618)
4(1618 1619 1640 1639)
4(1639 1640 1661 1660)
4(1660 1661 1682 1681)
4(1514 1515 1536 1535)
4(1535 1536 1557 1556)
4(1556 1557 1578 1577)
4(1577 1578 1599 1598)
4(1598 1599 1620 1619)
4(1619 1620 1641 1640)
4(1640 1641 1662 1661)
4(1661 1662 1683 1682)
4(1515 1516 1537 1536)
4(1536 1537 1558 1557)
4(1557 1558 1579 1578)
4(1578 1579 1600 1599)
4(1599 1600 1621 1620)
4(1620 1621 1642 1641)
4(1641 1642 1663 1662)
4(1662 1663 1684 1683)
4(1516 1517 1538 1537)
4(1537 1538 1559 1558)
4(1558 1559 1580 1579)
4(1579 1580 1601 1600)
4(1600 1601 1622 1621)
4(1621 1622 1643 1642)
4(1642 1643 1664 1663)
4(1663 1664 1685 1684)
4(1517 1518 1539 1538)
4(1538 1539 1560 1559)
4(1559 1560 1581 1580)
4(1580 1581 1602 1601)
4(1601 1602 1623 1622)
4(1622 1623 1644 1643)
4(1643 1644 1665 1664)
4(1664 1665 1686 1685)
4(1518 1519 1540 1539)
4(1539 1540 1561 1560)
4(1560 1561 1582 1581)
4(1581 1582 1603 1602)
4(1602 1603 1624 1623)
4(1623 1624 1645 1644)
4(1644 1645 1666 1665)
4(1665 1666 1687 1686)
4(1519 1520 1541 1540)
4(1540 1541 1562 1561)
4(1561 1562 1583 1582)
4(1582 1583 1604 1603)
4(1603 1604 1625 1624)
4(1624 1625 1646 1645)
4(1645 1646 1667 1666)
4(1666 1667 1688 1687)
4(1520 1521 1542 1541)
4(1541 1542 1563 1562)
4(1562 1563 1584 1583)
4(1583 1584 1605 1604)
4(1604 1605 1626 1625)
4(1625 1626 1647 1646)
4(1646 1647 1668 1667)
4(1667 1668 1689 1688)
4(1521 1522 1543 1542)
4(1542 1543 1564 1563)
4(1563 1564 1585 1584)
4(1584 1585 1606 1605)
4(1605 1606 1627 1626)
4(1626 1627 1648 1647)
4(1647 1648 1669 1668)
4(1668 1669 1690 1689)
4(1522 1523 1544 1543)
4(1543 1544 1565 1564)
4(1564 1565 1586 1585)
4(1585 1586 1607 1606)
4(1606 1607 1628 1627)
4(1627 1628 1649 1648)
4(1648 1649 1670 1669)
4(1669 1670 1691 1690)
4(1523 1524 1545 1544)
4(1544 1545 1566 1565)
4(1565 1566 1587 1586)
4(1586 1587 1608 1607)
4(1607 1608 1629 1628)
4(1628 1629 1650 1649)
4(1649 1650 1671 1670)
4(1670 1671 1692 1691)
4(1524 1525 1546 1545)
4(1545 1546 1567 1566)
4(1566 1567 1588 1587)
4(1587 1588 1609 1608)
4(1608 1609 1630 1629)
4(1629 1630 1651 1650)
4(1650 1651 1672 1671)
4(1671 1672 1693 1692)
4(1525 1526 1547 1546)
4(1546 1547 1568 1567)
4(1567 1568 1589 1588)
4(1588 1589 1610 1609)
4(1609 1610 1631 1630)
4(1630 1631 1652 1651)
4(1651 1652 1673 1672)
4(1672 1673 1694 1693)
4(1526 1527 1548 1547)
4(1547 1548 1569 1568)
4(1568 1569 1590 1589)
4(1589 1590 1611 1610)
4(1610 1611 1632 1631)
4(1631 1632 1653 1652)
4(1652 1653 1674 1673)
4(1673 1674 1695 1694)
4(1527 1528 1549 1548)
4(1548 1549 1570 1569)
4(1569 1570 1591 1590)
4(1590 1591 1612 1611)
4(1611 1612 1633 1632)
4(1632 1633 1654 1653)
4(1653 1654 1675 1674)
4(1674 1675 1696 1695)
4(1528 1529 1550 1549)
4(1549 1550 1571 1570)
4(1570 1571 1592 1591)
4(1591 1592 1613 1612)
4(1612 1613 1634 1633)
4(1633 1634 1655 1654)
4(1654 1655 1676 1675)
4(1675 1676 1697 1696)
4(1529 1530 1551 1550)
4(1550 1551 1572 1571)
4(1571 1572 1593 1592)
4(1592 1593 1614 1613)
4(1613 1614 1635 1634)
4(1634 1635 1656 1655)
4(1655 1656 1677 1676)
4(1676 1677 1698 1697)
4(1530 1531 1552 1551)
4(1551 1552 1573 1572)
4(1572 1573 1594 1593)
4(1593 1594 1615 1614)
4(1614 1615 1636 1635)
4(1635 1636 1657 1656)
4(1656 1657 1678 1677)
4(1677 1678 1699 1698)
4(1531 1532 1553 1552)
4(1552 1553 1574 1573)
4(1573 1574 1595 1594)
4(1594 1595 1616 1615)
4(1615 1616 1637 1636)
4(1636 1637 1658 1657)
4(1657 1658 1679 1678)
4(1678 1679 1700 1699)
4(0 189 210 21)
4(21 210 231 42)
4(42 231 252 63)
4(63 252 273 84)
4(84 273 294 105)
4(105 294 315 126)
4(126 315 336 147)
4(147 336 357 168)
4(189 378 399 210)
4(210 399 420 231)
4(231 420 441 252)
4(252 441 462 273)
4(273 462 483 294)
4(294 483 504 315)
4(315 504 525 336)
4(336 525 546 357)
4(378 567 588 399)
4(399 588 609 420)
4(420 609 630 441)
4(441 630 651 462)
4(462 651 672 483)
4(483 672 693 504)
4(504 693 714 525)
4(525 714 735 546)
4(567 756 777 588)
4(588 777 798 609)
4(609 798 819 630)
4(630 819 840 651)
4(651 840 861 672)
4(672 861 882 693)
4(693 882 903 714)
4(714 903 924 735)
4(756 945 966 777)
4(777 966 987 798)
4(798 987 1008 819)
4(819 1008 1029 840)
4(840 1029 1050 861)
4(861 1050 1071 882)
4(882 1071 1092 903)
4(903 1092 1113 924)
4(945 1134 1155 966)
4(966 1155 1176 987)
4(987 1176 1197 1008)
4(1008 1197 1218 1029)
4(1029 1218 1239 1050)
4(1050 1239 1260 1071)
4(1071 1260 1281 1092)
4(1092 1281 1302 1113)
4(1134 1323 1344 1155)
4(1155 1344 1365 1176)
4(1176 1365 1386 1197)
4(1197 1386 1407 1218)
4(1218 1407 1428 1239)
4(1239 1428 1449 1260)
4(1260 1449 1470 1281)
4(1281 1470 1491 1302)
4(1323 1512 1533 1344)
4(1344 1533 1554 1365)
4(1365 1554 1575 1386)
4(1386 1575 1596 1407)
4(1407 1596 1617 1428)
4(1428 1617 1638 1449)
4(1449 1638 1659 1470)
4(1470 1659 1680 1491)
4(20 41 230 209)
4(41 62 251 230)
4(62 83 272 251)
4(83 104 293 272)
4(104 125 314 293)
4(125 146 335 314)
4(146 167 356 335)
4(167 188 377 356)
4(209 230 419 398)
4(230 251 440 419)
4(251 272 461 440)
4(272 293 482 461)
4(293 314 503 482)
4(314 335 524 503)
4(335 356 545 524)
4(356 377 566 545)
4(398 419 608 587)
4(419 440 629 608)
4(440 461 650 629)
4(461 482 671 650)
4(482 503 692 671)
4(503 524 713 692)
4(524 545 734 713)
4(545 566 755 734)
4(587 608 797 776)
4(608 629 818 797)
4(629 650 839 818)
4(650 671 860 839)
4(671 692 881 860)
4(692 713 902 881)
4(713 734 923 902)
4(734 755 944 923)
4(776 797 986 965)
4(797 818 1007 986)
4(818 839 1028 1007)
4(839 860 1049 1028)
4(860 881 1070 1049)
4(881 902 1091 1070)
4(902 923 1112 1091)
4(923 944 1133 1112)
4(965 986 1175 1154)
4(986 1007 1196 1175)
4(1007 1028 1217 1196)
4(1028 1049 1238 1217)
4(1049 1070 1259 1238)
4(1070 1091 1280 1259)
4(1091 1112 1301 1280)
4(1112 1133 1322 1301)
4(1154 1175 1364 1343)
4(1175 1196 1385 1364)
4(1196 1217 1406 1385)
4(1217 1238 1427 1406)
4(1238 1259 1448 1427)
4(1259 1280 1469 1448)
4(1280 1301 1490 1469)
4(1301 1322 1511 1490)
4(1343 1364 1553 1532)
4(1364 1385 1574 1553)
4(1385 1406 1595 1574)
4(1406 1427 1616 1595)
4(1427 1448 1637 1616)
4(1448 1469 1658 1637)
4(1469 1490 1679 1658)
4(1490 1511 1700 1679)
4(0 1 190 189)
4(189 190 379 378)
4(378 379 568 567)
4(567 568 757 756)
4(756 757 946 945)
4(945 946 1135 1134)
4(1134 1135 1324 1323)
4(1323 1324 1513 1512)
4(1 2 191 190)
4(190 191 380 379)
4(379 380 569 568)
4(568 569 758 757)
4(757 758 947 946)
4(946 947 1136 1135)
4(1135 1136 1325 1324)
4(1324 1325 1514 1513)
4(2 3 192 191)
4(191 192 381 380)
4(380 381 570 569)
4(569 570 759 758)
4(758 759 948 947)
4(947 948 1137 1136)
4(1136 1137 1326 1325)
4(1325 1326 1515 1514)
4(3 4 193 192)
4(192 193 382 381)
4(381 382 571 570)
4(570 571 760 759)
4(759 760 949 948)
4(948 949 1138 1137)
4(1137 1138 1327 1326)
4(1326 1327 1516 1515)
4(4 5 194 193)
4(193 194 383 382)
4(382 383 572 571)
4(571 572 761 760)
4(760 761 950 949)
4(949 950 1139 1138)
4(1138 1139 1328 1327)
4(1327 1328 1517 1516)
4(5 6 195 194)
4(194 195 384 383)
4(383 384 573 572)
4(572 573 762 761)
4(761 762 951 950)
4(950 951 1140 1139)
4(1139 1140 1329 1328)
4(1328 1329 1518 1517)
4(6 7 196 195)
4(195 196 385 384)
4(384 385 574 573)
4(573 574 763 762)
4(762 763 952 951)
4(951 952 1141 1140)
4(1140 1141 1330 1329)
4(1329 1330 1519 1518)
4(7 8 197 196)
4(196 197 386 385)
4(385 386 575 574)
4(574 575 764 763)
4(763 764 953 952)
4(952 953 1142 1141)
4(1141 1142 1331 1330)
4(1330 1331 1520 1519)
4(8 9 198 197)
4(197 198 387 386)
4(386 387 576 575)
4(575 576 765 764)
4(764 765 954 953)
4(953 954 1143 1142)
4(1142 1143 1332 1331)
4(1331 1332 1521 1520)
4(9 10 199 198)
4(198 199 388 387)
4(387 388 577 576)
4(576 577 766 765)
4(765 766 955 954)
4(954 955 1144 1143)
4(1143 1144 1333 1332)
4(1332 1333 1522 1521)
4(10 11 200 199)
4(199 200 389 388)
4(388 389 578 577)
4(577 578 767 766)
4(766 767 956 955)
4(955 956 1145 1144)
4(1144 1145 1334 1333)
4(1333 1334 1523 1522)
4(11 12 201 200)
4(200 201 390 389)
4(389 390 579 578)
4(578 579 768 767)
4(767 768 957 956)
4(956 957 1146 1145)
4(1145 1146 1335 1334)
4(1334 1335 1524 1523)
4(12 13 202 201)
4(201 202 391 390)
4(390 391 580 579)
4(579 580 769 768)
4(768 769 958 957)
4(957 958 1147 1146)
4(1146 1147 1336 1335)
4(1335 1336 1525 1524)
4(13 14 203 202)
4(202 203 392 391)
4(391 392 581 580)
4(580 581 770 769)
4(769 770 959 958)
4(958 959 1148 1147)
4(1147 1148 1337 1336)
4(1336 1337 1526 1525)
4(14 15 204 203)
4(203 204 393 392)
4(392 393 582 581)
4(581 582 771 770)
4(770 771 960 959)
4(959 960 1149 1148)
4(1148 1149 1338 1337)
4(1337 1338 1527 1526)
4(15 16 205 204)
4(204 205 394 393)
4(393 394 583 582)
4(582 583 772 771)
4(771 772 961 960)
4(960 961 1150 1149)
4(1149 1150 1339 1338)
4(1338 1339 1528 1527)
4(16 17 206 205)
4(205 206 395 394)
4(394 395 584 583)
4(583 584 773 772)
4(772 773 962 961)
4(961 962 1151 1150)
4(1150 1151 1340 1339)
4(1339 1340 1529 1528)
4(17 18 207 206)
4(206 207 396 395)
4(395 396 585 584)
4(584 585 774 773)
4(773 774 963 962)
4(962 963 1152 1151)
4(1151 1152 1341 1340)
4(1340 1341 1530 1529)
4(18 19 208 207)
4(207 208 397 396)
4(396 397 586 585)
4(585 586 775 774)
4(774 775 964 963)
4(963 964 1153 1152)
4(1152 1153 1342 1341)
4(1341 1342 1531 1530)
4(19 20 209 208)
4(208 209 398 397)
4(397 398 587 586)
4(586 587 776 775)
4(775 776 965 964)
4(964 965 1154 1153)
4(1153 1154 1343 1342)
4(1342 1343 1532 1531)
4(168 357 358 169)
4(357 546 547 358)
4(546 735 736 547)
4(735 924 925 736)
4(924 1113 1114 925)
4(1113 1302 1303 1114)
4(1302 1491 1492 1303)
4(1491 1680 1681 1492)
4(169 358 359 170)
4(358 547 548 359)
4(547 736 737 548)
4(736 925 926 737)
4(925 1114 1115 926)
4(1114 1303 1304 1115)
4(1303 1492 1493 1304)
4(1492 1681 1682 1493)
4(170 359 360 171)
4(359 548 549 360)
4(548 737 738 549)
4(737 926 927 738)
4(926 1115 1116 927)
4(1115 1304 1305 1116)
4(1304 1493 1494 1305)
4(1493 1682 1683 1494)
4(171 360 361 172)
4(360 549 550 361)
4(549 738 739 550)
4(738 927 928 739)
4(927 1116 1117 928)
4(1116 1305 1306 1117)
4(1305 1494 1495 1306)
4(1494 1683 1684 1495)
4(172 361 362 173)
4(361 550 551 362)
4(550 739 740 551)
4(739 928 929 740)
4(928 1117 1118 929)
4(1117 1306 1307 1118)
4(1306 1495 1496 1307)
4(1495 1684 1685 1496)
4(173 362 363 174)
4(362 551 552 363)
4(551 740 741 552)
4(740 929 930 741)
4(929 1118 1119 930)
4(1118 1307 1308 1119)
4(1307 1496 1497 1308)
4(1496 1685 1686 1497)
4(174 363 364 175)
4(363 552 553 364)
4(552 741 742 553)
4(741 930 931 742)
4(930 1119 1120 931)
4(1119 1308 1309 1120)
4(1308 1497 1498 1309)
4(1497 1686 1687 1498)
4(175 364 365 176)
4(364 553 554 365)
4(553 742 743 554)
4(742 931 932 743)
4(931 1120 1121 932)
4(1120 1309 1310 1121)
4(1309 1498 1499 1310)
4(1498 1687 1688 1499)
4(176 365 366 177)
4(365 554 555 366)
4(554 743 744 555)
4(743 932 933 744)
4(932 1121 1122 933)
4(1121 1310 1311 1122)
4(1310 1499 1500 1311)
4(1499 1688 1689 1500)
4(177 366 367 178)
4(366 555 556 367)
4(555 744 745 556)
4(744 933 934 745)
4(933 1122 1123 934)
4(1122 1311 1312 1123)
4(1311 1500 1501 1312)
4(1500 1689 1690 1501)
4(178 367 368 179)
4(367 556 557 368)
4(556 745 746 557)
4(745 934 935 746)
4(934 1123 1124 935)
4(1123 1312 1313 1124)
4(1312 1501 1502 1313)
4(1501 1690 1691 1502)
4(179 368 369 180)
4(368 557 558 369)
4(557 746 747 558)
4(746 935 936 747)
4(935 1124 1125 936)
4(1124 1313 1314 1125)
4(1313 1502 1503 1314)
4(1502 1691 1692 1503)
4(180 369 370 181)
4(369 558 559 370)
4(558 747 748 559)
4(747 936 937 748)
4(936 1125 1126 937)
4(1125 1314 1315 1126)
4(1314 1503 1504 1315)
4(1503 1692 1693 1504)
4(181 370 371 182)
4(370 559 560 371)
4(559 748 749 560)
4(748 937 938 749)
4(937 1126 1127 938)
4(1126 1315 1316 1127)
4(1315 1504 1505 1316)
4(1504 1693 1694 1505)
4(182 371 372 183)
4(371 560 561 372)
4(560 749 750 561)
4(749 938 939 750)
4(938 1127 1128 939)
4(1127 1316 1317 1128)
4(1316 1505 1506 1317)
4(1505 1694 1695 1506)
4(183 372 373 184)
4(372 561 562 373)
4(561 750 751 562)
4(750 939 940 751)
4(939 1128 1129 940)
4(1128 1317 1318 1129)
4(1317 1506 1507 1318)
4(1506 1695 1696 1507)
4(184 373 374 185)
4(373 562 563 374)
4(562 751 752 563)
4(751 940 941 752)
4(940 1129 1130 941)
4(1129 1318 1319 1130)
4(1318 1507 1508 1319)
4(1507 1696 1697 1508)
4(185 374 375 186)
4(374 563 564 375)
4(563 752 753 564)
4(752 941 942 753)
4(941 1130 1131 942)
4(1130 1319 1320 1131)
4(1319 1508 1509 1320)
4(1508 1697 1698 1509)
4(186 375 376 187)
4(375 564 565 376)
4(564 753 754 565)
4(753 942 943 754)
4(942 1131 1132 943)
4(1131 1320 1321 1132)
4(1320 1509 1510 1321)
4(1509 1698 1699 1510)
4(187 376 377 188)
4(376 565 566 377)
4(565 754 755 566)
4(754 943 944 755)
4(943 1132 1133 944)
4(1132 1321 1322 1133)
4(1321 1510 1511 1322)
4(1510 1699 1700 1511)
)


// ************************************************************************* //
