/*--------------------------------*- C++ -*----------------------------------*\
  =========                 |
  \\      /  F ield         | OpenFOAM: The Open Source CFD Toolbox
   \\    /   O peration     | Website:  https://openfoam.org
    \\  /    A nd           | Version:  10
     \\/     M anipulation  |
\*---------------------------------------------------------------------------*/
FoamFile
{
    format      ascii;
    class       labelList;
    note        "nPoints: 1701 nCells: 1280 nFaces: 4224 nInternalFaces: 3456";
    location    "constant/polyMesh";
    object      neighbour;
}
// * * * * * * * * * * * * * * * * * * * * * * * * * * * * * * * * * * * * * //


3456
(
1
20
160
2
21
161
3
22
162
4
23
163
5
24
164
6
25
165
7
26
166
8
27
167
9
28
168
10
29
169
11
30
170
12
31
171
13
32
172
14
33
173
15
34
174
16
35
175
17
36
176
18
37
177
19
38
178
39
179
21
40
180
22
41
181
23
42
182
24
43
183
25
44
184
26
45
185
27
46
186
28
47
187
29
48
188
30
49
189
31
50
190
32
51
191
33
52
192
34
53
193
35
54
194
36
55
195
37
56
196
38
57
197
39
58
198
59
199
41
60
200
42
61
201
43
62
202
44
63
203
45
64
204
46
65
205
47
66
206
48
67
207
49
68
208
50
69
209
51
70
210
52
71
211
53
72
212
54
73
213
55
74
214
56
75
215
57
76
216
58
77
217
59
78
218
79
219
61
80
220
62
81
221
63
82
222
64
83
223
65
84
224
66
85
225
67
86
226
68
87
227
69
88
228
70
89
229
71
90
230
72
91
231
73
92
232
74
93
233
75
94
234
76
95
235
77
96
236
78
97
237
79
98
238
99
239
81
100
240
82
101
241
83
102
242
84
103
243
85
104
244
86
105
245
87
106
246
88
107
247
89
108
248
90
109
249
91
110
250
92
111
251
93
112
252
94
113
253
95
114
254
96
115
255
97
116
256
98
117
257
99
118
258
119
259
101
120
260
102
121
261
103
122
262
104
123
263
105
124
264
106
125
265
107
126
266
108
127
267
109
128
268
110
129
269
111
130
270
112
131
271
113
132
272
114
133
273
115
134
274
116
135
275
117
136
276
118
137
277
119
138
278
139
279
121
140
280
122
141
281
123
142
282
124
143
283
125
144
284
126
145
285
127
146
286
128
147
287
129
148
288
130
149
289
131
150
290
132
151
291
133
152
292
134
153
293
135
154
294
136
155
295
137
156
296
138
157
297
139
158
298
159
299
141
300
142
301
143
302
144
303
145
304
146
305
147
306
148
307
149
308
150
309
151
310
152
311
153
312
154
313
155
314
156
315
157
316
158
317
159
318
319
161
180
320
162
181
321
163
182
322
164
183
323
165
184
324
166
185
325
167
186
326
168
187
327
169
188
328
170
189
329
171
190
330
172
191
331
173
192
332
174
193
333
175
194
334
176
195
335
177
196
336
178
197
337
179
198
338
199
339
181
200
340
182
201
341
183
202
342
184
203
343
185
204
344
186
205
345
187
206
346
188
207
347
189
208
348
190
209
349
191
210
350
192
211
351
193
212
352
194
213
353
195
214
354
196
215
355
197
216
356
198
217
357
199
218
358
219
359
201
220
360
202
221
361
203
222
362
204
223
363
205
224
364
206
225
365
207
226
366
208
227
367
209
228
368
210
229
369
211
230
370
212
231
371
213
232
372
214
233
373
215
234
374
216
235
375
217
236
376
218
237
377
219
238
378
239
379
221
240
380
222
241
381
223
242
382
224
243
383
225
244
384
226
245
385
227
246
386
228
247
387
229
248
388
230
249
389
231
250
390
232
251
391
233
252
392
234
253
393
235
254
394
236
255
395
237
256
396
238
257
397
239
258
398
259
399
241
260
400
242
261
401
243
262
402
244
263
403
245
264
404
246
265
405
247
266
406
248
267
407
249
268
408
250
269
409
251
270
410
252
271
411
253
272
412
254
273
413
255
274
414
256
275
415
257
276
416
258
277
417
259
278
418
279
419
261
280
420
262
281
421
263
282
422
264
283
423
265
284
424
266
285
425
267
286
426
268
287
427
269
288
428
270
289
429
271
290
430
272
291
431
273
292
432
274
293
433
275
294
434
276
295
435
277
296
436
278
297
437
279
298
438
299
439
281
300
440
282
301
441
283
302
442
284
303
443
285
304
444
286
305
445
287
306
446
288
307
447
289
308
448
290
309
449
291
310
450
292
311
451
293
312
452
294
313
453
295
314
454
296
315
455
297
316
456
298
317
457
299
318
458
319
459
301
460
302
461
303
462
304
463
305
464
306
465
307
466
308
467
309
468
310
469
311
470
312
471
313
472
314
473
315
474
316
475
317
476
318
477
319
478
479
321
340
480
322
341
481
323
342
482
324
343
483
325
344
484
326
345
485
327
346
486
328
347
487
329
348
488
330
349
489
331
350
490
332
351
491
333
352
492
334
353
493
335
354
494
336
355
495
337
356
496
338
357
497
339
358
498
359
499
341
360
500
342
361
501
343
362
502
344
363
503
345
364
504
346
365
505
347
366
506
348
367
507
349
368
508
350
369
509
351
370
510
352
371
511
353
372
512
354
373
513
355
374
514
356
375
515
357
376
516
358
377
517
359
378
518
379
519
361
380
520
362
381
521
363
382
522
364
383
523
365
384
524
366
385
525
367
386
526
368
387
527
369
388
528
370
389
529
371
390
530
372
391
531
373
392
532
374
393
533
375
394
534
376
395
535
377
396
536
378
397
537
379
398
538
399
539
381
400
540
382
401
541
383
402
542
384
403
543
385
404
544
386
405
545
387
406
546
388
407
547
389
408
548
390
409
549
391
410
550
392
411
551
393
412
552
394
413
553
395
414
554
396
415
555
397
416
556
398
417
557
399
418
558
419
559
401
420
560
402
421
561
403
422
562
404
423
563
405
424
564
406
425
565
407
426
566
408
427
567
409
428
568
410
429
569
411
430
570
412
431
571
413
432
572
414
433
573
415
434
574
416
435
575
417
436
576
418
437
577
419
438
578
439
579
421
440
580
422
441
581
423
442
582
424
443
583
425
444
584
426
445
585
427
446
586
428
447
587
429
448
588
430
449
589
431
450
590
432
451
591
433
452
592
434
453
593
435
454
594
436
455
595
437
456
596
438
457
597
439
458
598
459
599
441
460
600
442
461
601
443
462
602
444
463
603
445
464
604
446
465
605
447
466
606
448
467
607
449
468
608
450
469
609
451
470
610
452
471
611
453
472
612
454
473
613
455
474
614
456
475
615
457
476
616
458
477
617
459
478
618
479
619
461
620
462
621
463
622
464
623
465
624
466
625
467
626
468
627
469
628
470
629
471
630
472
631
473
632
474
633
475
634
476
635
477
636
478
637
479
638
639
481
500
640
482
501
641
483
502
642
484
503
643
485
504
644
486
505
645
487
506
646
488
507
647
489
508
648
490
509
649
491
510
650
492
511
651
493
512
652
494
513
653
495
514
654
496
515
655
497
516
656
498
517
657
499
518
658
519
659
501
520
660
502
521
661
503
522
662
504
523
663
505
524
664
506
525
665
507
526
666
508
527
667
509
528
668
510
529
669
511
530
670
512
531
671
513
532
672
514
533
673
515
534
674
516
535
675
517
536
676
518
537
677
519
538
678
539
679
521
540
680
522
541
681
523
542
682
524
543
683
525
544
684
526
545
685
527
546
686
528
547
687
529
548
688
530
549
689
531
550
690
532
551
691
533
552
692
534
553
693
535
554
694
536
555
695
537
556
696
538
557
697
539
558
698
559
699
541
560
700
542
561
701
543
562
702
544
563
703
545
564
704
546
565
705
547
566
706
548
567
707
549
568
708
550
569
709
551
570
710
552
571
711
553
572
712
554
573
713
555
574
714
556
575
715
557
576
716
558
577
717
559
578
718
579
719
561
580
720
562
581
721
563
582
722
564
583
723
565
584
724
566
585
725
567
586
726
568
587
727
569
588
728
570
589
729
571
590
730
572
591
731
573
592
732
574
593
733
575
594
734
576
595
735
577
596
736
578
597
737
579
598
738
599
739
581
600
740
582
601
741
583
602
742
584
603
743
585
604
744
586
605
745
587
606
746
588
607
747
589
608
748
590
609
749
591
610
750
592
611
751
593
612
752
594
613
753
595
614
754
596
615
755
597
616
756
598
617
757
599
618
758
619
759
601
620
760
602
621
761
603
622
762
604
623
763
605
624
764
606
625
765
607
626
766
608
627
767
609
628
768
610
629
769
611
630
770
612
631
771
613
632
772
614
633
773
615
634
774
616
635
775
617
636
776
618
637
777
619
638
778
639
779
621
780
622
781
623
782
624
783
625
784
626
785
627
786
628
787
629
788
630
789
631
790
632
791
633
792
634
793
635
794
636
795
637
796
638
797
639
798
799
641
660
800
642
661
801
643
662
802
644
663
803
645
664
804
646
665
805
647
666
806
648
667
807
649
668
808
650
669
809
651
670
810
652
671
811
653
672
812
654
673
813
655
674
814
656
675
815
657
676
816
658
677
817
659
678
818
679
819
661
680
820
662
681
821
663
682
822
664
683
823
665
684
824
666
685
825
667
686
826
668
687
827
669
688
828
670
689
829
671
690
830
672
691
831
673
692
832
674
693
833
675
694
834
676
695
835
677
696
836
678
697
837
679
698
838
699
839
681
700
840
682
701
841
683
702
842
684
703
843
685
704
844
686
705
845
687
706
846
688
707
847
689
708
848
690
709
849
691
710
850
692
711
851
693
712
852
694
713
853
695
714
854
696
715
855
697
716
856
698
717
857
699
718
858
719
859
701
720
860
702
721
861
703
722
862
704
723
863
705
724
864
706
725
865
707
726
866
708
727
867
709
728
868
710
729
869
711
730
870
712
731
871
713
732
872
714
733
873
715
734
874
716
735
875
717
736
876
718
737
877
719
738
878
739
879
721
740
880
722
741
881
723
742
882
724
743
883
725
744
884
726
745
885
727
746
886
728
747
887
729
748
888
730
749
889
731
750
890
732
751
891
733
752
892
734
753
893
735
754
894
736
755
895
737
756
896
738
757
897
739
758
898
759
899
741
760
900
742
761
901
743
762
902
744
763
903
745
764
904
746
765
905
747
766
906
748
767
907
749
768
908
750
769
909
751
770
910
752
771
911
753
772
912
754
773
913
755
774
914
756
775
915
757
776
916
758
777
917
759
778
918
779
919
761
780
920
762
781
921
763
782
922
764
783
923
765
784
924
766
785
925
767
786
926
768
787
927
769
788
928
770
789
929
771
790
930
772
791
931
773
792
932
774
793
933
775
794
934
776
795
935
777
796
936
778
797
937
779
798
938
799
939
781
940
782
941
783
942
784
943
785
944
786
945
787
946
788
947
789
948
790
949
791
950
792
951
793
952
794
953
795
954
796
955
797
956
798
957
799
958
959
801
820
960
802
821
961
803
822
962
804
823
963
805
824
964
806
825
965
807
826
966
808
827
967
809
828
968
810
829
969
811
830
970
812
831
971
813
832
972
814
833
973
815
834
974
816
835
975
817
836
976
818
837
977
819
838
978
839
979
821
840
980
822
841
981
823
842
982
824
843
983
825
844
984
826
845
985
827
846
986
828
847
987
829
848
988
830
849
989
831
850
990
832
851
991
833
852
992
834
853
993
835
854
994
836
855
995
837
856
996
838
857
997
839
858
998
859
999
841
860
1000
842
861
1001
843
862
1002
844
863
1003
845
864
1004
846
865
1005
847
866
1006
848
867
1007
849
868
1008
850
869
1009
851
870
1010
852
871
1011
853
872
1012
854
873
1013
855
874
1014
856
875
1015
857
876
1016
858
877
1017
859
878
1018
879
1019
861
880
1020
862
881
1021
863
882
1022
864
883
1023
865
884
1024
866
885
1025
867
886
1026
868
887
1027
869
888
1028
870
889
1029
871
890
1030
872
891
1031
873
892
1032
874
893
1033
875
894
1034
876
895
1035
877
896
1036
878
897
1037
879
898
1038
899
1039
881
900
1040
882
901
1041
883
902
1042
884
903
1043
885
904
1044
886
905
1045
887
906
1046
888
907
1047
889
908
1048
890
909
1049
891
910
1050
892
911
1051
893
912
1052
894
913
1053
895
914
1054
896
915
1055
897
916
1056
898
917
1057
899
918
1058
919
1059
901
920
1060
902
921
1061
903
922
1062
904
923
1063
905
924
1064
906
925
1065
907
926
1066
908
927
1067
909
928
1068
910
929
1069
911
930
1070
912
931
1071
913
932
1072
914
933
1073
915
934
1074
916
935
1075
917
936
1076
918
937
1077
919
938
1078
939
1079
921
940
1080
922
941
1081
923
942
1082
924
943
1083
925
944
1084
926
945
1085
927
946
1086
928
947
1087
929
948
1088
930
949
1089
931
950
1090
932
951
1091
933
952
1092
934
953
1093
935
954
1094
936
955
1095
937
956
1096
938
957
1097
939
958
1098
959
1099
941
1100
942
1101
943
1102
944
1103
945
1104
946
1105
947
1106
948
1107
949
1108
950
1109
951
1110
952
1111
953
1112
954
1113
955
1114
956
1115
957
1116
958
1117
959
1118
1119
961
980
1120
962
981
1121
963
982
1122
964
983
1123
965
984
1124
966
985
1125
967
986
1126
968
987
1127
969
988
1128
970
989
1129
971
990
1130
972
991
1131
973
992
1132
974
993
1133
975
994
1134
976
995
1135
977
996
1136
978
997
1137
979
998
1138
999
1139
981
1000
1140
982
1001
1141
983
1002
1142
984
1003
1143
985
1004
1144
986
1005
1145
987
1006
1146
988
1007
1147
989
1008
1148
990
1009
1149
991
1010
1150
992
1011
1151
993
1012
1152
994
1013
1153
995
1014
1154
996
1015
1155
997
1016
1156
998
1017
1157
999
1018
1158
1019
1159
1001
1020
1160
1002
1021
1161
1003
1022
1162
1004
1023
1163
1005
1024
1164
1006
1025
1165
1007
1026
1166
1008
1027
1167
1009
1028
1168
1010
1029
1169
1011
1030
1170
1012
1031
1171
1013
1032
1172
1014
1033
1173
1015
1034
1174
1016
1035
1175
1017
1036
1176
1018
1037
1177
1019
1038
1178
1039
1179
1021
1040
1180
1022
1041
1181
1023
1042
1182
1024
1043
1183
1025
1044
1184
1026
1045
1185
1027
1046
1186
1028
1047
1187
1029
1048
1188
1030
1049
1189
1031
1050
1190
1032
1051
1191
1033
1052
1192
1034
1053
1193
1035
1054
1194
1036
1055
1195
1037
1056
1196
1038
1057
1197
1039
1058
1198
1059
1199
1041
1060
1200
1042
1061
1201
1043
1062
1202
1044
1063
1203
1045
1064
1204
1046
1065
1205
1047
1066
1206
1048
1067
1207
1049
1068
1208
1050
1069
1209
1051
1070
1210
1052
1071
1211
1053
1072
1212
1054
1073
1213
1055
1074
1214
1056
1075
1215
1057
1076
1216
1058
1077
1217
1059
1078
1218
1079
1219
1061
1080
1220
1062
1081
1221
1063
1082
1222
1064
1083
1223
1065
1084
1224
1066
1085
1225
1067
1086
1226
1068
1087
1227
1069
1088
1228
1070
1089
1229
1071
1090
1230
1072
1091
1231
1073
1092
1232
1074
1093
1233
1075
1094
1234
1076
1095
1235
1077
1096
1236
1078
1097
1237
1079
1098
1238
1099
1239
1081
1100
1240
1082
1101
1241
1083
1102
1242
1084
1103
1243
1085
1104
1244
1086
1105
1245
1087
1106
1246
1088
1107
1247
1089
1108
1248
1090
1109
1249
1091
1110
1250
1092
1111
1251
1093
1112
1252
1094
1113
1253
1095
1114
1254
1096
1115
1255
1097
1116
1256
1098
1117
1257
1099
1118
1258
1119
1259
1101
1260
1102
1261
1103
1262
1104
1263
1105
1264
1106
1265
1107
1266
1108
1267
1109
1268
1110
1269
1111
1270
1112
1271
1113
1272
1114
1273
1115
1274
1116
1275
1117
1276
1118
1277
1119
1278
1279
1121
1140
1122
1141
1123
1142
1124
1143
1125
1144
1126
1145
1127
1146
1128
1147
1129
1148
1130
1149
1131
1150
1132
1151
1133
1152
1134
1153
1135
1154
1136
1155
1137
1156
1138
1157
1139
1158
1159
1141
1160
1142
1161
1143
1162
1144
1163
1145
1164
1146
1165
1147
1166
1148
1167
1149
1168
1150
1169
1151
1170
1152
1171
1153
1172
1154
1173
1155
1174
1156
1175
1157
1176
1158
1177
1159
1178
1179
1161
1180
1162
1181
1163
1182
1164
1183
1165
1184
1166
1185
1167
1186
1168
1187
1169
1188
1170
1189
1171
1190
1172
1191
1173
1192
1174
1193
1175
1194
1176
1195
1177
1196
1178
1197
1179
1198
1199
1181
1200
1182
1201
1183
1202
1184
1203
1185
1204
1186
1205
1187
1206
1188
1207
1189
1208
1190
1209
1191
1210
1192
1211
1193
1212
1194
1213
1195
1214
1196
1215
1197
1216
1198
1217
1199
1218
1219
1201
1220
1202
1221
1203
1222
1204
1223
1205
1224
1206
1225
1207
1226
1208
1227
1209
1228
1210
1229
1211
1230
1212
1231
1213
1232
1214
1233
1215
1234
1216
1235
1217
1236
1218
1237
1219
1238
1239
1221
1240
1222
1241
1223
1242
1224
1243
1225
1244
1226
1245
1227
1246
1228
1247
1229
1248
1230
1249
1231
1250
1232
1251
1233
1252
1234
1253
1235
1254
1236
1255
1237
1256
1238
1257
1239
1258
1259
1241
1260
1242
1261
1243
1262
1244
1263
1245
1264
1246
1265
1247
1266
1248
1267
1249
1268
1250
1269
1251
1270
1252
1271
1253
1272
1254
1273
1255
1274
1256
1275
1257
1276
1258
1277
1259
1278
1279
1261
1262
1263
1264
1265
1266
1267
1268
1269
1270
1271
1272
1273
1274
1275
1276
1277
1278
1279
)


// ************************************************************************* //
