/*--------------------------------*- C++ -*----------------------------------*\
  =========                 |
  \\      /  F ield         | OpenFOAM: The Open Source CFD Toolbox
   \\    /   O peration     | Website:  https://openfoam.org
    \\  /    A nd           | Version:  10
     \\/     M anipulation  |
\*---------------------------------------------------------------------------*/
FoamFile
{
    format      ascii;
    class       vectorField;
    location    "constant/polyMesh";
    object      points;
}
// * * * * * * * * * * * * * * * * * * * * * * * * * * * * * * * * * * * * * //


1701
(
(0 -0.2 -0.2)
(0 -0.18 -0.2)
(0 -0.16 -0.2)
(0 -0.14 -0.2)
(0 -0.12 -0.2)
(0 -0.1 -0.2)
(0 -0.08 -0.2)
(0 -0.06 -0.2)
(0 -0.04 -0.2)
(0 -0.02 -0.2)
(0 0 -0.2)
(0 0.02 -0.2)
(0 0.04 -0.2)
(0 0.06 -0.2)
(0 0.08 -0.2)
(0 0.1 -0.2)
(0 0.12 -0.2)
(0 0.14 -0.2)
(0 0.16 -0.2)
(0 0.18 -0.2)
(0 0.2 -0.2)
(0 -0.2 -0.15)
(0 -0.18 -0.15)
(0 -0.16 -0.15)
(0 -0.14 -0.15)
(0 -0.12 -0.15)
(0 -0.1 -0.15)
(0 -0.08 -0.15)
(0 -0.06 -0.15)
(0 -0.04 -0.15)
(0 -0.02 -0.15)
(0 0 -0.15)
(0 0.02 -0.15)
(0 0.04 -0.15)
(0 0.06 -0.15)
(0 0.08 -0.15)
(0 0.1 -0.15)
(0 0.12 -0.15)
(0 0.14 -0.15)
(0 0.16 -0.15)
(0 0.18 -0.15)
(0 0.2 -0.15)
(0 -0.2 -0.1)
(0 -0.18 -0.1)
(0 -0.16 -0.1)
(0 -0.14 -0.1)
(0 -0.12 -0.1)
(0 -0.1 -0.1)
(0 -0.08 -0.1)
(0 -0.06 -0.1)
(0 -0.04 -0.1)
(0 -0.02 -0.1)
(0 0 -0.1)
(0 0.02 -0.1)
(0 0.04 -0.1)
(0 0.06 -0.1)
(0 0.08 -0.1)
(0 0.1 -0.1)
(0 0.12 -0.1)
(0 0.14 -0.1)
(0 0.16 -0.1)
(0 0.18 -0.1)
(0 0.2 -0.1)
(0 -0.2 -0.05)
(0 -0.18 -0.05)
(0 -0.16 -0.05)
(0 -0.14 -0.05)
(0 -0.12 -0.05)
(0 -0.1 -0.05)
(0 -0.08 -0.05)
(0 -0.06 -0.05)
(0 -0.04 -0.05)
(0 -0.02 -0.05)
(0 0 -0.05)
(0 0.02 -0.05)
(0 0.04 -0.05)
(0 0.06 -0.05)
(0 0.08 -0.05)
(0 0.1 -0.05)
(0 0.12 -0.05)
(0 0.14 -0.05)
(0 0.16 -0.05)
(0 0.18 -0.05)
(0 0.2 -0.05)
(0 -0.2 0)
(0 -0.18 0)
(0 -0.16 4.625929269e-18)
(0 -0.14 0)
(0 -0.12 0)
(0 -0.1 0)
(0 -0.08 0)
(0 -0.06 0)
(0 -0.04 0)
(0 -0.02 2.312964635e-18)
(0 0 0)
(0 0.02 0)
(0 0.04 0)
(0 0.06 -2.312964635e-18)
(0 0.08 -2.312964635e-18)
(0 0.1 2.312964635e-18)
(0 0.12 2.312964635e-18)
(0 0.14 1.156482317e-18)
(0 0.16 1.156482317e-18)
(0 0.18 0)
(0 0.2 0)
(0 -0.2 0.05)
(0 -0.18 0.05)
(0 -0.16 0.05)
(0 -0.14 0.05)
(0 -0.12 0.05)
(0 -0.1 0.05)
(0 -0.08 0.05)
(0 -0.06 0.05)
(0 -0.04 0.05)
(0 -0.02 0.05)
(0 0 0.05)
(0 0.02 0.05)
(0 0.04 0.05)
(0 0.06 0.05)
(0 0.08 0.05)
(0 0.1 0.05)
(0 0.12 0.05)
(0 0.14 0.05)
(0 0.16 0.05)
(0 0.18 0.05)
(0 0.2 0.05)
(0 -0.2 0.1)
(0 -0.18 0.1)
(0 -0.16 0.1)
(0 -0.14 0.1)
(0 -0.12 0.1)
(0 -0.1 0.1)
(0 -0.08 0.1)
(0 -0.06 0.1)
(0 -0.04 0.1)
(0 -0.02 0.1)
(0 0 0.1)
(0 0.02 0.1)
(0 0.04 0.1)
(0 0.06 0.1)
(0 0.08 0.1)
(0 0.1 0.1)
(0 0.12 0.1)
(0 0.14 0.1)
(0 0.16 0.1)
(0 0.18 0.1)
(0 0.2 0.1)
(0 -0.2 0.15)
(0 -0.18 0.15)
(0 -0.16 0.15)
(0 -0.14 0.15)
(0 -0.12 0.15)
(0 -0.1 0.15)
(0 -0.08 0.15)
(0 -0.06 0.15)
(0 -0.04 0.15)
(0 -0.02 0.15)
(0 0 0.15)
(0 0.02 0.15)
(0 0.04 0.15)
(0 0.06 0.15)
(0 0.08 0.15)
(0 0.1 0.15)
(0 0.12 0.15)
(0 0.14 0.15)
(0 0.16 0.15)
(0 0.18 0.15)
(0 0.2 0.15)
(0 -0.2 0.2)
(0 -0.18 0.2)
(0 -0.16 0.2)
(0 -0.14 0.2)
(0 -0.12 0.2)
(0 -0.1 0.2)
(0 -0.08 0.2)
(0 -0.06 0.2)
(0 -0.04 0.2)
(0 -0.02 0.2)
(0 0 0.2)
(0 0.02 0.2)
(0 0.04 0.2)
(0 0.06 0.2)
(0 0.08 0.2)
(0 0.1 0.2)
(0 0.12 0.2)
(0 0.14 0.2)
(0 0.16 0.2)
(0 0.18 0.2)
(0 0.2 0.2)
(0.1 -0.2 -0.2)
(0.1 -0.18 -0.2)
(0.1 -0.16 -0.2)
(0.1 -0.14 -0.2)
(0.1 -0.12 -0.2)
(0.1 -0.1 -0.2)
(0.1 -0.08 -0.2)
(0.1 -0.06 -0.2)
(0.1 -0.04 -0.2)
(0.1 -0.02 -0.2)
(0.1 0 -0.2)
(0.1 0.02 -0.2)
(0.1 0.04 -0.2)
(0.1 0.06 -0.2)
(0.1 0.08 -0.2)
(0.1 0.1 -0.2)
(0.1 0.12 -0.2)
(0.1 0.14 -0.2)
(0.1 0.16 -0.2)
(0.1 0.18 -0.2)
(0.1 0.2 -0.2)
(0.1 -0.2 -0.15)
(0.1 -0.18 -0.15)
(0.1 -0.16 -0.15)
(0.1 -0.14 -0.15)
(0.1 -0.12 -0.15)
(0.1 -0.1 -0.15)
(0.1 -0.08 -0.15)
(0.1 -0.06 -0.15)
(0.1 -0.04 -0.15)
(0.1 -0.02 -0.15)
(0.1 0 -0.15)
(0.1 0.02 -0.15)
(0.1 0.04 -0.15)
(0.1 0.06 -0.15)
(0.1 0.08 -0.15)
(0.1 0.1 -0.15)
(0.1 0.12 -0.15)
(0.1 0.14 -0.15)
(0.1 0.16 -0.15)
(0.1 0.18 -0.15)
(0.1 0.2 -0.15)
(0.1 -0.2 -0.1)
(0.1 -0.18 -0.1)
(0.1 -0.16 -0.1)
(0.1 -0.14 -0.1)
(0.1 -0.12 -0.1)
(0.1 -0.1 -0.1)
(0.1 -0.08 -0.1)
(0.1 -0.06 -0.1)
(0.1 -0.04 -0.1)
(0.1 -0.02 -0.1)
(0.1 0 -0.1)
(0.1 0.02 -0.1)
(0.1 0.04 -0.1)
(0.1 0.06 -0.1)
(0.1 0.08 -0.1)
(0.1 0.1 -0.1)
(0.1 0.12 -0.1)
(0.1 0.14 -0.1)
(0.1 0.16 -0.1)
(0.1 0.18 -0.1)
(0.1 0.2 -0.1)
(0.1 -0.2 -0.05)
(0.1 -0.18 -0.05)
(0.1 -0.16 -0.05)
(0.1 -0.14 -0.05)
(0.1 -0.12 -0.05)
(0.1 -0.1 -0.05)
(0.1 -0.08 -0.05)
(0.1 -0.06 -0.05)
(0.1 -0.04 -0.05)
(0.1 -0.02 -0.05)
(0.1 0 -0.05)
(0.1 0.02 -0.05)
(0.1 0.04 -0.05)
(0.1 0.06 -0.05)
(0.1 0.08 -0.05)
(0.1 0.1 -0.05)
(0.1 0.12 -0.05)
(0.1 0.14 -0.05)
(0.1 0.16 -0.05)
(0.1 0.18 -0.05)
(0.1 0.2 -0.05)
(0.1 -0.2 0)
(0.1 -0.18 0)
(0.1 -0.16 4.625929269e-18)
(0.1 -0.14 0)
(0.1 -0.12 0)
(0.1 -0.1 0)
(0.1 -0.08 0)
(0.1 -0.06 0)
(0.1 -0.04 0)
(0.1 -0.02 2.312964635e-18)
(0.1 0 0)
(0.1 0.02 0)
(0.1 0.04 0)
(0.1 0.06 -2.312964635e-18)
(0.1 0.08 -2.312964635e-18)
(0.1 0.1 2.312964635e-18)
(0.1 0.12 2.312964635e-18)
(0.1 0.14 1.156482317e-18)
(0.1 0.16 1.156482317e-18)
(0.1 0.18 0)
(0.1 0.2 0)
(0.1 -0.2 0.05)
(0.1 -0.18 0.05)
(0.1 -0.16 0.05)
(0.1 -0.14 0.05)
(0.1 -0.12 0.05)
(0.1 -0.1 0.05)
(0.1 -0.08 0.05)
(0.1 -0.06 0.05)
(0.1 -0.04 0.05)
(0.1 -0.02 0.05)
(0.1 0 0.05)
(0.1 0.02 0.05)
(0.1 0.04 0.05)
(0.1 0.06 0.05)
(0.1 0.08 0.05)
(0.1 0.1 0.05)
(0.1 0.12 0.05)
(0.1 0.14 0.05)
(0.1 0.16 0.05)
(0.1 0.18 0.05)
(0.1 0.2 0.05)
(0.1 -0.2 0.1)
(0.1 -0.18 0.1)
(0.1 -0.16 0.1)
(0.1 -0.14 0.1)
(0.1 -0.12 0.1)
(0.1 -0.1 0.1)
(0.1 -0.08 0.1)
(0.1 -0.06 0.1)
(0.1 -0.04 0.1)
(0.1 -0.02 0.1)
(0.1 0 0.1)
(0.1 0.02 0.1)
(0.1 0.04 0.1)
(0.1 0.06 0.1)
(0.1 0.08 0.1)
(0.1 0.1 0.1)
(0.1 0.12 0.1)
(0.1 0.14 0.1)
(0.1 0.16 0.1)
(0.1 0.18 0.1)
(0.1 0.2 0.1)
(0.1 -0.2 0.15)
(0.1 -0.18 0.15)
(0.1 -0.16 0.15)
(0.1 -0.14 0.15)
(0.1 -0.12 0.15)
(0.1 -0.1 0.15)
(0.1 -0.08 0.15)
(0.1 -0.06 0.15)
(0.1 -0.04 0.15)
(0.1 -0.02 0.15)
(0.1 0 0.15)
(0.1 0.02 0.15)
(0.1 0.04 0.15)
(0.1 0.06 0.15)
(0.1 0.08 0.15)
(0.1 0.1 0.15)
(0.1 0.12 0.15)
(0.1 0.14 0.15)
(0.1 0.16 0.15)
(0.1 0.18 0.15)
(0.1 0.2 0.15)
(0.1 -0.2 0.2)
(0.1 -0.18 0.2)
(0.1 -0.16 0.2)
(0.1 -0.14 0.2)
(0.1 -0.12 0.2)
(0.1 -0.1 0.2)
(0.1 -0.08 0.2)
(0.1 -0.06 0.2)
(0.1 -0.04 0.2)
(0.1 -0.02 0.2)
(0.1 0 0.2)
(0.1 0.02 0.2)
(0.1 0.04 0.2)
(0.1 0.06 0.2)
(0.1 0.08 0.2)
(0.1 0.1 0.2)
(0.1 0.12 0.2)
(0.1 0.14 0.2)
(0.1 0.16 0.2)
(0.1 0.18 0.2)
(0.1 0.2 0.2)
(0.2 -0.2 -0.2)
(0.2 -0.18 -0.2)
(0.2 -0.16 -0.2)
(0.2 -0.14 -0.2)
(0.2 -0.12 -0.2)
(0.2 -0.1 -0.2)
(0.2 -0.08 -0.2)
(0.2 -0.06 -0.2)
(0.2 -0.04 -0.2)
(0.2 -0.02 -0.2)
(0.2 0 -0.2)
(0.2 0.02 -0.2)
(0.2 0.04 -0.2)
(0.2 0.06 -0.2)
(0.2 0.08 -0.2)
(0.2 0.1 -0.2)
(0.2 0.12 -0.2)
(0.2 0.14 -0.2)
(0.2 0.16 -0.2)
(0.2 0.18 -0.2)
(0.2 0.2 -0.2)
(0.2 -0.2 -0.15)
(0.2 -0.18 -0.15)
(0.2 -0.16 -0.15)
(0.2 -0.14 -0.15)
(0.2 -0.12 -0.15)
(0.2 -0.1 -0.15)
(0.2 -0.08 -0.15)
(0.2 -0.06 -0.15)
(0.2 -0.04 -0.15)
(0.2 -0.02 -0.15)
(0.2 0 -0.15)
(0.2 0.02 -0.15)
(0.2 0.04 -0.15)
(0.2 0.06 -0.15)
(0.2 0.08 -0.15)
(0.2 0.1 -0.15)
(0.2 0.12 -0.15)
(0.2 0.14 -0.15)
(0.2 0.16 -0.15)
(0.2 0.18 -0.15)
(0.2 0.2 -0.15)
(0.2 -0.2 -0.1)
(0.2 -0.18 -0.1)
(0.2 -0.16 -0.1)
(0.2 -0.14 -0.1)
(0.2 -0.12 -0.1)
(0.2 -0.1 -0.1)
(0.2 -0.08 -0.1)
(0.2 -0.06 -0.1)
(0.2 -0.04 -0.1)
(0.2 -0.02 -0.1)
(0.2 0 -0.1)
(0.2 0.02 -0.1)
(0.2 0.04 -0.1)
(0.2 0.06 -0.1)
(0.2 0.08 -0.1)
(0.2 0.1 -0.1)
(0.2 0.12 -0.1)
(0.2 0.14 -0.1)
(0.2 0.16 -0.1)
(0.2 0.18 -0.1)
(0.2 0.2 -0.1)
(0.2 -0.2 -0.05)
(0.2 -0.18 -0.05)
(0.2 -0.16 -0.05)
(0.2 -0.14 -0.05)
(0.2 -0.12 -0.05)
(0.2 -0.1 -0.05)
(0.2 -0.08 -0.05)
(0.2 -0.06 -0.05)
(0.2 -0.04 -0.05)
(0.2 -0.02 -0.05)
(0.2 0 -0.05)
(0.2 0.02 -0.05)
(0.2 0.04 -0.05)
(0.2 0.06 -0.05)
(0.2 0.08 -0.05)
(0.2 0.1 -0.05)
(0.2 0.12 -0.05)
(0.2 0.14 -0.05)
(0.2 0.16 -0.05)
(0.2 0.18 -0.05)
(0.2 0.2 -0.05)
(0.2 -0.2 0)
(0.2 -0.18 0)
(0.2 -0.16 4.625929269e-18)
(0.2 -0.14 0)
(0.2 -0.12 0)
(0.2 -0.1 0)
(0.2 -0.08 0)
(0.2 -0.06 0)
(0.2 -0.04 0)
(0.2 -0.02 2.312964635e-18)
(0.2 0 0)
(0.2 0.02 0)
(0.2 0.04 0)
(0.2 0.06 -2.312964635e-18)
(0.2 0.08 -2.312964635e-18)
(0.2 0.1 2.312964635e-18)
(0.2 0.12 2.312964635e-18)
(0.2 0.14 1.156482317e-18)
(0.2 0.16 1.156482317e-18)
(0.2 0.18 0)
(0.2 0.2 0)
(0.2 -0.2 0.05)
(0.2 -0.18 0.05)
(0.2 -0.16 0.05)
(0.2 -0.14 0.05)
(0.2 -0.12 0.05)
(0.2 -0.1 0.05)
(0.2 -0.08 0.05)
(0.2 -0.06 0.05)
(0.2 -0.04 0.05)
(0.2 -0.02 0.05)
(0.2 0 0.05)
(0.2 0.02 0.05)
(0.2 0.04 0.05)
(0.2 0.06 0.05)
(0.2 0.08 0.05)
(0.2 0.1 0.05)
(0.2 0.12 0.05)
(0.2 0.14 0.05)
(0.2 0.16 0.05)
(0.2 0.18 0.05)
(0.2 0.2 0.05)
(0.2 -0.2 0.1)
(0.2 -0.18 0.1)
(0.2 -0.16 0.1)
(0.2 -0.14 0.1)
(0.2 -0.12 0.1)
(0.2 -0.1 0.1)
(0.2 -0.08 0.1)
(0.2 -0.06 0.1)
(0.2 -0.04 0.1)
(0.2 -0.02 0.1)
(0.2 0 0.1)
(0.2 0.02 0.1)
(0.2 0.04 0.1)
(0.2 0.06 0.1)
(0.2 0.08 0.1)
(0.2 0.1 0.1)
(0.2 0.12 0.1)
(0.2 0.14 0.1)
(0.2 0.16 0.1)
(0.2 0.18 0.1)
(0.2 0.2 0.1)
(0.2 -0.2 0.15)
(0.2 -0.18 0.15)
(0.2 -0.16 0.15)
(0.2 -0.14 0.15)
(0.2 -0.12 0.15)
(0.2 -0.1 0.15)
(0.2 -0.08 0.15)
(0.2 -0.06 0.15)
(0.2 -0.04 0.15)
(0.2 -0.02 0.15)
(0.2 0 0.15)
(0.2 0.02 0.15)
(0.2 0.04 0.15)
(0.2 0.06 0.15)
(0.2 0.08 0.15)
(0.2 0.1 0.15)
(0.2 0.12 0.15)
(0.2 0.14 0.15)
(0.2 0.16 0.15)
(0.2 0.18 0.15)
(0.2 0.2 0.15)
(0.2 -0.2 0.2)
(0.2 -0.18 0.2)
(0.2 -0.16 0.2)
(0.2 -0.14 0.2)
(0.2 -0.12 0.2)
(0.2 -0.1 0.2)
(0.2 -0.08 0.2)
(0.2 -0.06 0.2)
(0.2 -0.04 0.2)
(0.2 -0.02 0.2)
(0.2 0 0.2)
(0.2 0.02 0.2)
(0.2 0.04 0.2)
(0.2 0.06 0.2)
(0.2 0.08 0.2)
(0.2 0.1 0.2)
(0.2 0.12 0.2)
(0.2 0.14 0.2)
(0.2 0.16 0.2)
(0.2 0.18 0.2)
(0.2 0.2 0.2)
(0.3 -0.2 -0.2)
(0.3 -0.18 -0.2)
(0.3 -0.16 -0.2)
(0.3 -0.14 -0.2)
(0.3 -0.12 -0.2)
(0.3 -0.1 -0.2)
(0.3 -0.08 -0.2)
(0.3 -0.06 -0.2)
(0.3 -0.04 -0.2)
(0.3 -0.02 -0.2)
(0.3 0 -0.2)
(0.3 0.02 -0.2)
(0.3 0.04 -0.2)
(0.3 0.06 -0.2)
(0.3 0.08 -0.2)
(0.3 0.1 -0.2)
(0.3 0.12 -0.2)
(0.3 0.14 -0.2)
(0.3 0.16 -0.2)
(0.3 0.18 -0.2)
(0.3 0.2 -0.2)
(0.3 -0.2 -0.15)
(0.3 -0.18 -0.15)
(0.3 -0.16 -0.15)
(0.3 -0.14 -0.15)
(0.3 -0.12 -0.15)
(0.3 -0.1 -0.15)
(0.3 -0.08 -0.15)
(0.3 -0.06 -0.15)
(0.3 -0.04 -0.15)
(0.3 -0.02 -0.15)
(0.3 0 -0.15)
(0.3 0.02 -0.15)
(0.3 0.04 -0.15)
(0.3 0.06 -0.15)
(0.3 0.08 -0.15)
(0.3 0.1 -0.15)
(0.3 0.12 -0.15)
(0.3 0.14 -0.15)
(0.3 0.16 -0.15)
(0.3 0.18 -0.15)
(0.3 0.2 -0.15)
(0.3 -0.2 -0.1)
(0.3 -0.18 -0.1)
(0.3 -0.16 -0.1)
(0.3 -0.14 -0.1)
(0.3 -0.12 -0.1)
(0.3 -0.1 -0.1)
(0.3 -0.08 -0.1)
(0.3 -0.06 -0.1)
(0.3 -0.04 -0.1)
(0.3 -0.02 -0.1)
(0.3 0 -0.1)
(0.3 0.02 -0.1)
(0.3 0.04 -0.1)
(0.3 0.06 -0.1)
(0.3 0.08 -0.1)
(0.3 0.1 -0.1)
(0.3 0.12 -0.1)
(0.3 0.14 -0.1)
(0.3 0.16 -0.1)
(0.3 0.18 -0.1)
(0.3 0.2 -0.1)
(0.3 -0.2 -0.05)
(0.3 -0.18 -0.05)
(0.3 -0.16 -0.05)
(0.3 -0.14 -0.05)
(0.3 -0.12 -0.05)
(0.3 -0.1 -0.05)
(0.3 -0.08 -0.05)
(0.3 -0.06 -0.05)
(0.3 -0.04 -0.05)
(0.3 -0.02 -0.05)
(0.3 0 -0.05)
(0.3 0.02 -0.05)
(0.3 0.04 -0.05)
(0.3 0.06 -0.05)
(0.3 0.08 -0.05)
(0.3 0.1 -0.05)
(0.3 0.12 -0.05)
(0.3 0.14 -0.05)
(0.3 0.16 -0.05)
(0.3 0.18 -0.05)
(0.3 0.2 -0.05)
(0.3 -0.2 0)
(0.3 -0.18 0)
(0.3 -0.16 4.625929269e-18)
(0.3 -0.14 0)
(0.3 -0.12 0)
(0.3 -0.1 0)
(0.3 -0.08 0)
(0.3 -0.06 0)
(0.3 -0.04 0)
(0.3 -0.02 2.312964635e-18)
(0.3 0 0)
(0.3 0.02 0)
(0.3 0.04 0)
(0.3 0.06 -2.312964635e-18)
(0.3 0.08 -2.312964635e-18)
(0.3 0.1 2.312964635e-18)
(0.3 0.12 2.312964635e-18)
(0.3 0.14 1.156482317e-18)
(0.3 0.16 1.156482317e-18)
(0.3 0.18 0)
(0.3 0.2 0)
(0.3 -0.2 0.05)
(0.3 -0.18 0.05)
(0.3 -0.16 0.05)
(0.3 -0.14 0.05)
(0.3 -0.12 0.05)
(0.3 -0.1 0.05)
(0.3 -0.08 0.05)
(0.3 -0.06 0.05)
(0.3 -0.04 0.05)
(0.3 -0.02 0.05)
(0.3 0 0.05)
(0.3 0.02 0.05)
(0.3 0.04 0.05)
(0.3 0.06 0.05)
(0.3 0.08 0.05)
(0.3 0.1 0.05)
(0.3 0.12 0.05)
(0.3 0.14 0.05)
(0.3 0.16 0.05)
(0.3 0.18 0.05)
(0.3 0.2 0.05)
(0.3 -0.2 0.1)
(0.3 -0.18 0.1)
(0.3 -0.16 0.1)
(0.3 -0.14 0.1)
(0.3 -0.12 0.1)
(0.3 -0.1 0.1)
(0.3 -0.08 0.1)
(0.3 -0.06 0.1)
(0.3 -0.04 0.1)
(0.3 -0.02 0.1)
(0.3 0 0.1)
(0.3 0.02 0.1)
(0.3 0.04 0.1)
(0.3 0.06 0.1)
(0.3 0.08 0.1)
(0.3 0.1 0.1)
(0.3 0.12 0.1)
(0.3 0.14 0.1)
(0.3 0.16 0.1)
(0.3 0.18 0.1)
(0.3 0.2 0.1)
(0.3 -0.2 0.15)
(0.3 -0.18 0.15)
(0.3 -0.16 0.15)
(0.3 -0.14 0.15)
(0.3 -0.12 0.15)
(0.3 -0.1 0.15)
(0.3 -0.08 0.15)
(0.3 -0.06 0.15)
(0.3 -0.04 0.15)
(0.3 -0.02 0.15)
(0.3 0 0.15)
(0.3 0.02 0.15)
(0.3 0.04 0.15)
(0.3 0.06 0.15)
(0.3 0.08 0.15)
(0.3 0.1 0.15)
(0.3 0.12 0.15)
(0.3 0.14 0.15)
(0.3 0.16 0.15)
(0.3 0.18 0.15)
(0.3 0.2 0.15)
(0.3 -0.2 0.2)
(0.3 -0.18 0.2)
(0.3 -0.16 0.2)
(0.3 -0.14 0.2)
(0.3 -0.12 0.2)
(0.3 -0.1 0.2)
(0.3 -0.08 0.2)
(0.3 -0.06 0.2)
(0.3 -0.04 0.2)
(0.3 -0.02 0.2)
(0.3 0 0.2)
(0.3 0.02 0.2)
(0.3 0.04 0.2)
(0.3 0.06 0.2)
(0.3 0.08 0.2)
(0.3 0.1 0.2)
(0.3 0.12 0.2)
(0.3 0.14 0.2)
(0.3 0.16 0.2)
(0.3 0.18 0.2)
(0.3 0.2 0.2)
(0.4 -0.2 -0.2)
(0.4 -0.18 -0.2)
(0.4 -0.16 -0.2)
(0.4 -0.14 -0.2)
(0.4 -0.12 -0.2)
(0.4 -0.1 -0.2)
(0.4 -0.08 -0.2)
(0.4 -0.06 -0.2)
(0.4 -0.04 -0.2)
(0.4 -0.02 -0.2)
(0.4 0 -0.2)
(0.4 0.02 -0.2)
(0.4 0.04 -0.2)
(0.4 0.06 -0.2)
(0.4 0.08 -0.2)
(0.4 0.1 -0.2)
(0.4 0.12 -0.2)
(0.4 0.14 -0.2)
(0.4 0.16 -0.2)
(0.4 0.18 -0.2)
(0.4 0.2 -0.2)
(0.4 -0.2 -0.15)
(0.4 -0.18 -0.15)
(0.4 -0.16 -0.15)
(0.4 -0.14 -0.15)
(0.4 -0.12 -0.15)
(0.4 -0.1 -0.15)
(0.4 -0.08 -0.15)
(0.4 -0.06 -0.15)
(0.4 -0.04 -0.15)
(0.4 -0.02 -0.15)
(0.4 0 -0.15)
(0.4 0.02 -0.15)
(0.4 0.04 -0.15)
(0.4 0.06 -0.15)
(0.4 0.08 -0.15)
(0.4 0.1 -0.15)
(0.4 0.12 -0.15)
(0.4 0.14 -0.15)
(0.4 0.16 -0.15)
(0.4 0.18 -0.15)
(0.4 0.2 -0.15)
(0.4 -0.2 -0.1)
(0.4 -0.18 -0.1)
(0.4 -0.16 -0.1)
(0.4 -0.14 -0.1)
(0.4 -0.12 -0.1)
(0.4 -0.1 -0.1)
(0.4 -0.08 -0.1)
(0.4 -0.06 -0.1)
(0.4 -0.04 -0.1)
(0.4 -0.02 -0.1)
(0.4 0 -0.1)
(0.4 0.02 -0.1)
(0.4 0.04 -0.1)
(0.4 0.06 -0.1)
(0.4 0.08 -0.1)
(0.4 0.1 -0.1)
(0.4 0.12 -0.1)
(0.4 0.14 -0.1)
(0.4 0.16 -0.1)
(0.4 0.18 -0.1)
(0.4 0.2 -0.1)
(0.4 -0.2 -0.05)
(0.4 -0.18 -0.05)
(0.4 -0.16 -0.05)
(0.4 -0.14 -0.05)
(0.4 -0.12 -0.05)
(0.4 -0.1 -0.05)
(0.4 -0.08 -0.05)
(0.4 -0.06 -0.05)
(0.4 -0.04 -0.05)
(0.4 -0.02 -0.05)
(0.4 0 -0.05)
(0.4 0.02 -0.05)
(0.4 0.04 -0.05)
(0.4 0.06 -0.05)
(0.4 0.08 -0.05)
(0.4 0.1 -0.05)
(0.4 0.12 -0.05)
(0.4 0.14 -0.05)
(0.4 0.16 -0.05)
(0.4 0.18 -0.05)
(0.4 0.2 -0.05)
(0.4 -0.2 0)
(0.4 -0.18 0)
(0.4 -0.16 4.625929269e-18)
(0.4 -0.14 0)
(0.4 -0.12 0)
(0.4 -0.1 0)
(0.4 -0.08 0)
(0.4 -0.06 0)
(0.4 -0.04 0)
(0.4 -0.02 2.312964635e-18)
(0.4 0 0)
(0.4 0.02 0)
(0.4 0.04 0)
(0.4 0.06 -2.312964635e-18)
(0.4 0.08 -2.312964635e-18)
(0.4 0.1 2.312964635e-18)
(0.4 0.12 2.312964635e-18)
(0.4 0.14 1.156482317e-18)
(0.4 0.16 1.156482317e-18)
(0.4 0.18 0)
(0.4 0.2 0)
(0.4 -0.2 0.05)
(0.4 -0.18 0.05)
(0.4 -0.16 0.05)
(0.4 -0.14 0.05)
(0.4 -0.12 0.05)
(0.4 -0.1 0.05)
(0.4 -0.08 0.05)
(0.4 -0.06 0.05)
(0.4 -0.04 0.05)
(0.4 -0.02 0.05)
(0.4 0 0.05)
(0.4 0.02 0.05)
(0.4 0.04 0.05)
(0.4 0.06 0.05)
(0.4 0.08 0.05)
(0.4 0.1 0.05)
(0.4 0.12 0.05)
(0.4 0.14 0.05)
(0.4 0.16 0.05)
(0.4 0.18 0.05)
(0.4 0.2 0.05)
(0.4 -0.2 0.1)
(0.4 -0.18 0.1)
(0.4 -0.16 0.1)
(0.4 -0.14 0.1)
(0.4 -0.12 0.1)
(0.4 -0.1 0.1)
(0.4 -0.08 0.1)
(0.4 -0.06 0.1)
(0.4 -0.04 0.1)
(0.4 -0.02 0.1)
(0.4 0 0.1)
(0.4 0.02 0.1)
(0.4 0.04 0.1)
(0.4 0.06 0.1)
(0.4 0.08 0.1)
(0.4 0.1 0.1)
(0.4 0.12 0.1)
(0.4 0.14 0.1)
(0.4 0.16 0.1)
(0.4 0.18 0.1)
(0.4 0.2 0.1)
(0.4 -0.2 0.15)
(0.4 -0.18 0.15)
(0.4 -0.16 0.15)
(0.4 -0.14 0.15)
(0.4 -0.12 0.15)
(0.4 -0.1 0.15)
(0.4 -0.08 0.15)
(0.4 -0.06 0.15)
(0.4 -0.04 0.15)
(0.4 -0.02 0.15)
(0.4 0 0.15)
(0.4 0.02 0.15)
(0.4 0.04 0.15)
(0.4 0.06 0.15)
(0.4 0.08 0.15)
(0.4 0.1 0.15)
(0.4 0.12 0.15)
(0.4 0.14 0.15)
(0.4 0.16 0.15)
(0.4 0.18 0.15)
(0.4 0.2 0.15)
(0.4 -0.2 0.2)
(0.4 -0.18 0.2)
(0.4 -0.16 0.2)
(0.4 -0.14 0.2)
(0.4 -0.12 0.2)
(0.4 -0.1 0.2)
(0.4 -0.08 0.2)
(0.4 -0.06 0.2)
(0.4 -0.04 0.2)
(0.4 -0.02 0.2)
(0.4 0 0.2)
(0.4 0.02 0.2)
(0.4 0.04 0.2)
(0.4 0.06 0.2)
(0.4 0.08 0.2)
(0.4 0.1 0.2)
(0.4 0.12 0.2)
(0.4 0.14 0.2)
(0.4 0.16 0.2)
(0.4 0.18 0.2)
(0.4 0.2 0.2)
(0.5 -0.2 -0.2)
(0.5 -0.18 -0.2)
(0.5 -0.16 -0.2)
(0.5 -0.14 -0.2)
(0.5 -0.12 -0.2)
(0.5 -0.1 -0.2)
(0.5 -0.08 -0.2)
(0.5 -0.06 -0.2)
(0.5 -0.04 -0.2)
(0.5 -0.02 -0.2)
(0.5 0 -0.2)
(0.5 0.02 -0.2)
(0.5 0.04 -0.2)
(0.5 0.06 -0.2)
(0.5 0.08 -0.2)
(0.5 0.1 -0.2)
(0.5 0.12 -0.2)
(0.5 0.14 -0.2)
(0.5 0.16 -0.2)
(0.5 0.18 -0.2)
(0.5 0.2 -0.2)
(0.5 -0.2 -0.15)
(0.5 -0.18 -0.15)
(0.5 -0.16 -0.15)
(0.5 -0.14 -0.15)
(0.5 -0.12 -0.15)
(0.5 -0.1 -0.15)
(0.5 -0.08 -0.15)
(0.5 -0.06 -0.15)
(0.5 -0.04 -0.15)
(0.5 -0.02 -0.15)
(0.5 0 -0.15)
(0.5 0.02 -0.15)
(0.5 0.04 -0.15)
(0.5 0.06 -0.15)
(0.5 0.08 -0.15)
(0.5 0.1 -0.15)
(0.5 0.12 -0.15)
(0.5 0.14 -0.15)
(0.5 0.16 -0.15)
(0.5 0.18 -0.15)
(0.5 0.2 -0.15)
(0.5 -0.2 -0.1)
(0.5 -0.18 -0.1)
(0.5 -0.16 -0.1)
(0.5 -0.14 -0.1)
(0.5 -0.12 -0.1)
(0.5 -0.1 -0.1)
(0.5 -0.08 -0.1)
(0.5 -0.06 -0.1)
(0.5 -0.04 -0.1)
(0.5 -0.02 -0.1)
(0.5 0 -0.1)
(0.5 0.02 -0.1)
(0.5 0.04 -0.1)
(0.5 0.06 -0.1)
(0.5 0.08 -0.1)
(0.5 0.1 -0.1)
(0.5 0.12 -0.1)
(0.5 0.14 -0.1)
(0.5 0.16 -0.1)
(0.5 0.18 -0.1)
(0.5 0.2 -0.1)
(0.5 -0.2 -0.05)
(0.5 -0.18 -0.05)
(0.5 -0.16 -0.05)
(0.5 -0.14 -0.05)
(0.5 -0.12 -0.05)
(0.5 -0.1 -0.05)
(0.5 -0.08 -0.05)
(0.5 -0.06 -0.05)
(0.5 -0.04 -0.05)
(0.5 -0.02 -0.05)
(0.5 0 -0.05)
(0.5 0.02 -0.05)
(0.5 0.04 -0.05)
(0.5 0.06 -0.05)
(0.5 0.08 -0.05)
(0.5 0.1 -0.05)
(0.5 0.12 -0.05)
(0.5 0.14 -0.05)
(0.5 0.16 -0.05)
(0.5 0.18 -0.05)
(0.5 0.2 -0.05)
(0.5 -0.2 0)
(0.5 -0.18 0)
(0.5 -0.16 4.625929269e-18)
(0.5 -0.14 0)
(0.5 -0.12 0)
(0.5 -0.1 0)
(0.5 -0.08 0)
(0.5 -0.06 0)
(0.5 -0.04 0)
(0.5 -0.02 2.312964635e-18)
(0.5 0 0)
(0.5 0.02 0)
(0.5 0.04 0)
(0.5 0.06 -2.312964635e-18)
(0.5 0.08 -2.312964635e-18)
(0.5 0.1 2.312964635e-18)
(0.5 0.12 2.312964635e-18)
(0.5 0.14 1.156482317e-18)
(0.5 0.16 1.156482317e-18)
(0.5 0.18 0)
(0.5 0.2 0)
(0.5 -0.2 0.05)
(0.5 -0.18 0.05)
(0.5 -0.16 0.05)
(0.5 -0.14 0.05)
(0.5 -0.12 0.05)
(0.5 -0.1 0.05)
(0.5 -0.08 0.05)
(0.5 -0.06 0.05)
(0.5 -0.04 0.05)
(0.5 -0.02 0.05)
(0.5 0 0.05)
(0.5 0.02 0.05)
(0.5 0.04 0.05)
(0.5 0.06 0.05)
(0.5 0.08 0.05)
(0.5 0.1 0.05)
(0.5 0.12 0.05)
(0.5 0.14 0.05)
(0.5 0.16 0.05)
(0.5 0.18 0.05)
(0.5 0.2 0.05)
(0.5 -0.2 0.1)
(0.5 -0.18 0.1)
(0.5 -0.16 0.1)
(0.5 -0.14 0.1)
(0.5 -0.12 0.1)
(0.5 -0.1 0.1)
(0.5 -0.08 0.1)
(0.5 -0.06 0.1)
(0.5 -0.04 0.1)
(0.5 -0.02 0.1)
(0.5 0 0.1)
(0.5 0.02 0.1)
(0.5 0.04 0.1)
(0.5 0.06 0.1)
(0.5 0.08 0.1)
(0.5 0.1 0.1)
(0.5 0.12 0.1)
(0.5 0.14 0.1)
(0.5 0.16 0.1)
(0.5 0.18 0.1)
(0.5 0.2 0.1)
(0.5 -0.2 0.15)
(0.5 -0.18 0.15)
(0.5 -0.16 0.15)
(0.5 -0.14 0.15)
(0.5 -0.12 0.15)
(0.5 -0.1 0.15)
(0.5 -0.08 0.15)
(0.5 -0.06 0.15)
(0.5 -0.04 0.15)
(0.5 -0.02 0.15)
(0.5 0 0.15)
(0.5 0.02 0.15)
(0.5 0.04 0.15)
(0.5 0.06 0.15)
(0.5 0.08 0.15)
(0.5 0.1 0.15)
(0.5 0.12 0.15)
(0.5 0.14 0.15)
(0.5 0.16 0.15)
(0.5 0.18 0.15)
(0.5 0.2 0.15)
(0.5 -0.2 0.2)
(0.5 -0.18 0.2)
(0.5 -0.16 0.2)
(0.5 -0.14 0.2)
(0.5 -0.12 0.2)
(0.5 -0.1 0.2)
(0.5 -0.08 0.2)
(0.5 -0.06 0.2)
(0.5 -0.04 0.2)
(0.5 -0.02 0.2)
(0.5 0 0.2)
(0.5 0.02 0.2)
(0.5 0.04 0.2)
(0.5 0.06 0.2)
(0.5 0.08 0.2)
(0.5 0.1 0.2)
(0.5 0.12 0.2)
(0.5 0.14 0.2)
(0.5 0.16 0.2)
(0.5 0.18 0.2)
(0.5 0.2 0.2)
(0.6 -0.2 -0.2)
(0.6 -0.18 -0.2)
(0.6 -0.16 -0.2)
(0.6 -0.14 -0.2)
(0.6 -0.12 -0.2)
(0.6 -0.1 -0.2)
(0.6 -0.08 -0.2)
(0.6 -0.06 -0.2)
(0.6 -0.04 -0.2)
(0.6 -0.02 -0.2)
(0.6 0 -0.2)
(0.6 0.02 -0.2)
(0.6 0.04 -0.2)
(0.6 0.06 -0.2)
(0.6 0.08 -0.2)
(0.6 0.1 -0.2)
(0.6 0.12 -0.2)
(0.6 0.14 -0.2)
(0.6 0.16 -0.2)
(0.6 0.18 -0.2)
(0.6 0.2 -0.2)
(0.6 -0.2 -0.15)
(0.6 -0.18 -0.15)
(0.6 -0.16 -0.15)
(0.6 -0.14 -0.15)
(0.6 -0.12 -0.15)
(0.6 -0.1 -0.15)
(0.6 -0.08 -0.15)
(0.6 -0.06 -0.15)
(0.6 -0.04 -0.15)
(0.6 -0.02 -0.15)
(0.6 0 -0.15)
(0.6 0.02 -0.15)
(0.6 0.04 -0.15)
(0.6 0.06 -0.15)
(0.6 0.08 -0.15)
(0.6 0.1 -0.15)
(0.6 0.12 -0.15)
(0.6 0.14 -0.15)
(0.6 0.16 -0.15)
(0.6 0.18 -0.15)
(0.6 0.2 -0.15)
(0.6 -0.2 -0.1)
(0.6 -0.18 -0.1)
(0.6 -0.16 -0.1)
(0.6 -0.14 -0.1)
(0.6 -0.12 -0.1)
(0.6 -0.1 -0.1)
(0.6 -0.08 -0.1)
(0.6 -0.06 -0.1)
(0.6 -0.04 -0.1)
(0.6 -0.02 -0.1)
(0.6 0 -0.1)
(0.6 0.02 -0.1)
(0.6 0.04 -0.1)
(0.6 0.06 -0.1)
(0.6 0.08 -0.1)
(0.6 0.1 -0.1)
(0.6 0.12 -0.1)
(0.6 0.14 -0.1)
(0.6 0.16 -0.1)
(0.6 0.18 -0.1)
(0.6 0.2 -0.1)
(0.6 -0.2 -0.05)
(0.6 -0.18 -0.05)
(0.6 -0.16 -0.05)
(0.6 -0.14 -0.05)
(0.6 -0.12 -0.05)
(0.6 -0.1 -0.05)
(0.6 -0.08 -0.05)
(0.6 -0.06 -0.05)
(0.6 -0.04 -0.05)
(0.6 -0.02 -0.05)
(0.6 0 -0.05)
(0.6 0.02 -0.05)
(0.6 0.04 -0.05)
(0.6 0.06 -0.05)
(0.6 0.08 -0.05)
(0.6 0.1 -0.05)
(0.6 0.12 -0.05)
(0.6 0.14 -0.05)
(0.6 0.16 -0.05)
(0.6 0.18 -0.05)
(0.6 0.2 -0.05)
(0.6 -0.2 0)
(0.6 -0.18 0)
(0.6 -0.16 4.625929269e-18)
(0.6 -0.14 0)
(0.6 -0.12 0)
(0.6 -0.1 0)
(0.6 -0.08 0)
(0.6 -0.06 0)
(0.6 -0.04 0)
(0.6 -0.02 2.312964635e-18)
(0.6 0 0)
(0.6 0.02 0)
(0.6 0.04 0)
(0.6 0.06 -2.312964635e-18)
(0.6 0.08 -2.312964635e-18)
(0.6 0.1 2.312964635e-18)
(0.6 0.12 2.312964635e-18)
(0.6 0.14 1.156482317e-18)
(0.6 0.16 1.156482317e-18)
(0.6 0.18 0)
(0.6 0.2 0)
(0.6 -0.2 0.05)
(0.6 -0.18 0.05)
(0.6 -0.16 0.05)
(0.6 -0.14 0.05)
(0.6 -0.12 0.05)
(0.6 -0.1 0.05)
(0.6 -0.08 0.05)
(0.6 -0.06 0.05)
(0.6 -0.04 0.05)
(0.6 -0.02 0.05)
(0.6 0 0.05)
(0.6 0.02 0.05)
(0.6 0.04 0.05)
(0.6 0.06 0.05)
(0.6 0.08 0.05)
(0.6 0.1 0.05)
(0.6 0.12 0.05)
(0.6 0.14 0.05)
(0.6 0.16 0.05)
(0.6 0.18 0.05)
(0.6 0.2 0.05)
(0.6 -0.2 0.1)
(0.6 -0.18 0.1)
(0.6 -0.16 0.1)
(0.6 -0.14 0.1)
(0.6 -0.12 0.1)
(0.6 -0.1 0.1)
(0.6 -0.08 0.1)
(0.6 -0.06 0.1)
(0.6 -0.04 0.1)
(0.6 -0.02 0.1)
(0.6 0 0.1)
(0.6 0.02 0.1)
(0.6 0.04 0.1)
(0.6 0.06 0.1)
(0.6 0.08 0.1)
(0.6 0.1 0.1)
(0.6 0.12 0.1)
(0.6 0.14 0.1)
(0.6 0.16 0.1)
(0.6 0.18 0.1)
(0.6 0.2 0.1)
(0.6 -0.2 0.15)
(0.6 -0.18 0.15)
(0.6 -0.16 0.15)
(0.6 -0.14 0.15)
(0.6 -0.12 0.15)
(0.6 -0.1 0.15)
(0.6 -0.08 0.15)
(0.6 -0.06 0.15)
(0.6 -0.04 0.15)
(0.6 -0.02 0.15)
(0.6 0 0.15)
(0.6 0.02 0.15)
(0.6 0.04 0.15)
(0.6 0.06 0.15)
(0.6 0.08 0.15)
(0.6 0.1 0.15)
(0.6 0.12 0.15)
(0.6 0.14 0.15)
(0.6 0.16 0.15)
(0.6 0.18 0.15)
(0.6 0.2 0.15)
(0.6 -0.2 0.2)
(0.6 -0.18 0.2)
(0.6 -0.16 0.2)
(0.6 -0.14 0.2)
(0.6 -0.12 0.2)
(0.6 -0.1 0.2)
(0.6 -0.08 0.2)
(0.6 -0.06 0.2)
(0.6 -0.04 0.2)
(0.6 -0.02 0.2)
(0.6 0 0.2)
(0.6 0.02 0.2)
(0.6 0.04 0.2)
(0.6 0.06 0.2)
(0.6 0.08 0.2)
(0.6 0.1 0.2)
(0.6 0.12 0.2)
(0.6 0.14 0.2)
(0.6 0.16 0.2)
(0.6 0.18 0.2)
(0.6 0.2 0.2)
(0.7 -0.2 -0.2)
(0.7 -0.18 -0.2)
(0.7 -0.16 -0.2)
(0.7 -0.14 -0.2)
(0.7 -0.12 -0.2)
(0.7 -0.1 -0.2)
(0.7 -0.08 -0.2)
(0.7 -0.06 -0.2)
(0.7 -0.04 -0.2)
(0.7 -0.02 -0.2)
(0.7 0 -0.2)
(0.7 0.02 -0.2)
(0.7 0.04 -0.2)
(0.7 0.06 -0.2)
(0.7 0.08 -0.2)
(0.7 0.1 -0.2)
(0.7 0.12 -0.2)
(0.7 0.14 -0.2)
(0.7 0.16 -0.2)
(0.7 0.18 -0.2)
(0.7 0.2 -0.2)
(0.7 -0.2 -0.15)
(0.7 -0.18 -0.15)
(0.7 -0.16 -0.15)
(0.7 -0.14 -0.15)
(0.7 -0.12 -0.15)
(0.7 -0.1 -0.15)
(0.7 -0.08 -0.15)
(0.7 -0.06 -0.15)
(0.7 -0.04 -0.15)
(0.7 -0.02 -0.15)
(0.7 0 -0.15)
(0.7 0.02 -0.15)
(0.7 0.04 -0.15)
(0.7 0.06 -0.15)
(0.7 0.08 -0.15)
(0.7 0.1 -0.15)
(0.7 0.12 -0.15)
(0.7 0.14 -0.15)
(0.7 0.16 -0.15)
(0.7 0.18 -0.15)
(0.7 0.2 -0.15)
(0.7 -0.2 -0.1)
(0.7 -0.18 -0.1)
(0.7 -0.16 -0.1)
(0.7 -0.14 -0.1)
(0.7 -0.12 -0.1)
(0.7 -0.1 -0.1)
(0.7 -0.08 -0.1)
(0.7 -0.06 -0.1)
(0.7 -0.04 -0.1)
(0.7 -0.02 -0.1)
(0.7 0 -0.1)
(0.7 0.02 -0.1)
(0.7 0.04 -0.1)
(0.7 0.06 -0.1)
(0.7 0.08 -0.1)
(0.7 0.1 -0.1)
(0.7 0.12 -0.1)
(0.7 0.14 -0.1)
(0.7 0.16 -0.1)
(0.7 0.18 -0.1)
(0.7 0.2 -0.1)
(0.7 -0.2 -0.05)
(0.7 -0.18 -0.05)
(0.7 -0.16 -0.05)
(0.7 -0.14 -0.05)
(0.7 -0.12 -0.05)
(0.7 -0.1 -0.05)
(0.7 -0.08 -0.05)
(0.7 -0.06 -0.05)
(0.7 -0.04 -0.05)
(0.7 -0.02 -0.05)
(0.7 0 -0.05)
(0.7 0.02 -0.05)
(0.7 0.04 -0.05)
(0.7 0.06 -0.05)
(0.7 0.08 -0.05)
(0.7 0.1 -0.05)
(0.7 0.12 -0.05)
(0.7 0.14 -0.05)
(0.7 0.16 -0.05)
(0.7 0.18 -0.05)
(0.7 0.2 -0.05)
(0.7 -0.2 0)
(0.7 -0.18 0)
(0.7 -0.16 4.625929269e-18)
(0.7 -0.14 0)
(0.7 -0.12 0)
(0.7 -0.1 0)
(0.7 -0.08 0)
(0.7 -0.06 0)
(0.7 -0.04 0)
(0.7 -0.02 2.312964635e-18)
(0.7 0 0)
(0.7 0.02 0)
(0.7 0.04 0)
(0.7 0.06 -2.312964635e-18)
(0.7 0.08 -2.312964635e-18)
(0.7 0.1 2.312964635e-18)
(0.7 0.12 2.312964635e-18)
(0.7 0.14 1.156482317e-18)
(0.7 0.16 1.156482317e-18)
(0.7 0.18 0)
(0.7 0.2 0)
(0.7 -0.2 0.05)
(0.7 -0.18 0.05)
(0.7 -0.16 0.05)
(0.7 -0.14 0.05)
(0.7 -0.12 0.05)
(0.7 -0.1 0.05)
(0.7 -0.08 0.05)
(0.7 -0.06 0.05)
(0.7 -0.04 0.05)
(0.7 -0.02 0.05)
(0.7 0 0.05)
(0.7 0.02 0.05)
(0.7 0.04 0.05)
(0.7 0.06 0.05)
(0.7 0.08 0.05)
(0.7 0.1 0.05)
(0.7 0.12 0.05)
(0.7 0.14 0.05)
(0.7 0.16 0.05)
(0.7 0.18 0.05)
(0.7 0.2 0.05)
(0.7 -0.2 0.1)
(0.7 -0.18 0.1)
(0.7 -0.16 0.1)
(0.7 -0.14 0.1)
(0.7 -0.12 0.1)
(0.7 -0.1 0.1)
(0.7 -0.08 0.1)
(0.7 -0.06 0.1)
(0.7 -0.04 0.1)
(0.7 -0.02 0.1)
(0.7 0 0.1)
(0.7 0.02 0.1)
(0.7 0.04 0.1)
(0.7 0.06 0.1)
(0.7 0.08 0.1)
(0.7 0.1 0.1)
(0.7 0.12 0.1)
(0.7 0.14 0.1)
(0.7 0.16 0.1)
(0.7 0.18 0.1)
(0.7 0.2 0.1)
(0.7 -0.2 0.15)
(0.7 -0.18 0.15)
(0.7 -0.16 0.15)
(0.7 -0.14 0.15)
(0.7 -0.12 0.15)
(0.7 -0.1 0.15)
(0.7 -0.08 0.15)
(0.7 -0.06 0.15)
(0.7 -0.04 0.15)
(0.7 -0.02 0.15)
(0.7 0 0.15)
(0.7 0.02 0.15)
(0.7 0.04 0.15)
(0.7 0.06 0.15)
(0.7 0.08 0.15)
(0.7 0.1 0.15)
(0.7 0.12 0.15)
(0.7 0.14 0.15)
(0.7 0.16 0.15)
(0.7 0.18 0.15)
(0.7 0.2 0.15)
(0.7 -0.2 0.2)
(0.7 -0.18 0.2)
(0.7 -0.16 0.2)
(0.7 -0.14 0.2)
(0.7 -0.12 0.2)
(0.7 -0.1 0.2)
(0.7 -0.08 0.2)
(0.7 -0.06 0.2)
(0.7 -0.04 0.2)
(0.7 -0.02 0.2)
(0.7 0 0.2)
(0.7 0.02 0.2)
(0.7 0.04 0.2)
(0.7 0.06 0.2)
(0.7 0.08 0.2)
(0.7 0.1 0.2)
(0.7 0.12 0.2)
(0.7 0.14 0.2)
(0.7 0.16 0.2)
(0.7 0.18 0.2)
(0.7 0.2 0.2)
(0.8 -0.2 -0.2)
(0.8 -0.18 -0.2)
(0.8 -0.16 -0.2)
(0.8 -0.14 -0.2)
(0.8 -0.12 -0.2)
(0.8 -0.1 -0.2)
(0.8 -0.08 -0.2)
(0.8 -0.06 -0.2)
(0.8 -0.04 -0.2)
(0.8 -0.02 -0.2)
(0.8 0 -0.2)
(0.8 0.02 -0.2)
(0.8 0.04 -0.2)
(0.8 0.06 -0.2)
(0.8 0.08 -0.2)
(0.8 0.1 -0.2)
(0.8 0.12 -0.2)
(0.8 0.14 -0.2)
(0.8 0.16 -0.2)
(0.8 0.18 -0.2)
(0.8 0.2 -0.2)
(0.8 -0.2 -0.15)
(0.8 -0.18 -0.15)
(0.8 -0.16 -0.15)
(0.8 -0.14 -0.15)
(0.8 -0.12 -0.15)
(0.8 -0.1 -0.15)
(0.8 -0.08 -0.15)
(0.8 -0.06 -0.15)
(0.8 -0.04 -0.15)
(0.8 -0.02 -0.15)
(0.8 0 -0.15)
(0.8 0.02 -0.15)
(0.8 0.04 -0.15)
(0.8 0.06 -0.15)
(0.8 0.08 -0.15)
(0.8 0.1 -0.15)
(0.8 0.12 -0.15)
(0.8 0.14 -0.15)
(0.8 0.16 -0.15)
(0.8 0.18 -0.15)
(0.8 0.2 -0.15)
(0.8 -0.2 -0.1)
(0.8 -0.18 -0.1)
(0.8 -0.16 -0.1)
(0.8 -0.14 -0.1)
(0.8 -0.12 -0.1)
(0.8 -0.1 -0.1)
(0.8 -0.08 -0.1)
(0.8 -0.06 -0.1)
(0.8 -0.04 -0.1)
(0.8 -0.02 -0.1)
(0.8 0 -0.1)
(0.8 0.02 -0.1)
(0.8 0.04 -0.1)
(0.8 0.06 -0.1)
(0.8 0.08 -0.1)
(0.8 0.1 -0.1)
(0.8 0.12 -0.1)
(0.8 0.14 -0.1)
(0.8 0.16 -0.1)
(0.8 0.18 -0.1)
(0.8 0.2 -0.1)
(0.8 -0.2 -0.05)
(0.8 -0.18 -0.05)
(0.8 -0.16 -0.05)
(0.8 -0.14 -0.05)
(0.8 -0.12 -0.05)
(0.8 -0.1 -0.05)
(0.8 -0.08 -0.05)
(0.8 -0.06 -0.05)
(0.8 -0.04 -0.05)
(0.8 -0.02 -0.05)
(0.8 0 -0.05)
(0.8 0.02 -0.05)
(0.8 0.04 -0.05)
(0.8 0.06 -0.05)
(0.8 0.08 -0.05)
(0.8 0.1 -0.05)
(0.8 0.12 -0.05)
(0.8 0.14 -0.05)
(0.8 0.16 -0.05)
(0.8 0.18 -0.05)
(0.8 0.2 -0.05)
(0.8 -0.2 0)
(0.8 -0.18 0)
(0.8 -0.16 4.625929269e-18)
(0.8 -0.14 0)
(0.8 -0.12 0)
(0.8 -0.1 0)
(0.8 -0.08 0)
(0.8 -0.06 0)
(0.8 -0.04 0)
(0.8 -0.02 2.312964635e-18)
(0.8 0 0)
(0.8 0.02 0)
(0.8 0.04 0)
(0.8 0.06 -2.312964635e-18)
(0.8 0.08 -2.312964635e-18)
(0.8 0.1 2.312964635e-18)
(0.8 0.12 2.312964635e-18)
(0.8 0.14 1.156482317e-18)
(0.8 0.16 1.156482317e-18)
(0.8 0.18 0)
(0.8 0.2 0)
(0.8 -0.2 0.05)
(0.8 -0.18 0.05)
(0.8 -0.16 0.05)
(0.8 -0.14 0.05)
(0.8 -0.12 0.05)
(0.8 -0.1 0.05)
(0.8 -0.08 0.05)
(0.8 -0.06 0.05)
(0.8 -0.04 0.05)
(0.8 -0.02 0.05)
(0.8 0 0.05)
(0.8 0.02 0.05)
(0.8 0.04 0.05)
(0.8 0.06 0.05)
(0.8 0.08 0.05)
(0.8 0.1 0.05)
(0.8 0.12 0.05)
(0.8 0.14 0.05)
(0.8 0.16 0.05)
(0.8 0.18 0.05)
(0.8 0.2 0.05)
(0.8 -0.2 0.1)
(0.8 -0.18 0.1)
(0.8 -0.16 0.1)
(0.8 -0.14 0.1)
(0.8 -0.12 0.1)
(0.8 -0.1 0.1)
(0.8 -0.08 0.1)
(0.8 -0.06 0.1)
(0.8 -0.04 0.1)
(0.8 -0.02 0.1)
(0.8 0 0.1)
(0.8 0.02 0.1)
(0.8 0.04 0.1)
(0.8 0.06 0.1)
(0.8 0.08 0.1)
(0.8 0.1 0.1)
(0.8 0.12 0.1)
(0.8 0.14 0.1)
(0.8 0.16 0.1)
(0.8 0.18 0.1)
(0.8 0.2 0.1)
(0.8 -0.2 0.15)
(0.8 -0.18 0.15)
(0.8 -0.16 0.15)
(0.8 -0.14 0.15)
(0.8 -0.12 0.15)
(0.8 -0.1 0.15)
(0.8 -0.08 0.15)
(0.8 -0.06 0.15)
(0.8 -0.04 0.15)
(0.8 -0.02 0.15)
(0.8 0 0.15)
(0.8 0.02 0.15)
(0.8 0.04 0.15)
(0.8 0.06 0.15)
(0.8 0.08 0.15)
(0.8 0.1 0.15)
(0.8 0.12 0.15)
(0.8 0.14 0.15)
(0.8 0.16 0.15)
(0.8 0.18 0.15)
(0.8 0.2 0.15)
(0.8 -0.2 0.2)
(0.8 -0.18 0.2)
(0.8 -0.16 0.2)
(0.8 -0.14 0.2)
(0.8 -0.12 0.2)
(0.8 -0.1 0.2)
(0.8 -0.08 0.2)
(0.8 -0.06 0.2)
(0.8 -0.04 0.2)
(0.8 -0.02 0.2)
(0.8 0 0.2)
(0.8 0.02 0.2)
(0.8 0.04 0.2)
(0.8 0.06 0.2)
(0.8 0.08 0.2)
(0.8 0.1 0.2)
(0.8 0.12 0.2)
(0.8 0.14 0.2)
(0.8 0.16 0.2)
(0.8 0.18 0.2)
(0.8 0.2 0.2)
)


// ************************************************************************* //
