/*--------------------------------*- C++ -*----------------------------------*\
  =========                 |
  \\      /  F ield         | OpenFOAM: The Open Source CFD Toolbox
   \\    /   O peration     | Website:  https://openfoam.org
    \\  /    A nd           | Version:  10
     \\/     M anipulation  |
\*---------------------------------------------------------------------------*/
FoamFile
{
    format      ascii;
    class       faceList;
    location    "constant/polyMesh";
    object      faces;
}
// * * * * * * * * * * * * * * * * * * * * * * * * * * * * * * * * * * * * * //


830
(
4(1 12 133 122)
4(11 132 133 12)
4(2 13 134 123)
4(12 133 134 13)
4(3 14 135 124)
4(13 134 135 14)
4(4 15 136 125)
4(14 135 136 15)
4(5 16 137 126)
4(15 136 137 16)
4(6 17 138 127)
4(16 137 138 17)
4(7 18 139 128)
4(17 138 139 18)
4(8 19 140 129)
4(18 139 140 19)
4(9 20 141 130)
4(19 140 141 20)
4(20 141 142 21)
4(10 21 142 131)
4(12 23 144 133)
4(22 143 144 23)
4(13 24 145 134)
4(23 144 145 24)
4(14 25 146 135)
4(24 145 146 25)
4(15 26 147 136)
4(25 146 147 26)
4(16 27 148 137)
4(26 147 148 27)
4(17 28 149 138)
4(27 148 149 28)
4(18 29 150 139)
4(28 149 150 29)
4(19 30 151 140)
4(29 150 151 30)
4(20 31 152 141)
4(30 151 152 31)
4(31 152 153 32)
4(21 32 153 142)
4(23 34 155 144)
4(33 154 155 34)
4(24 35 156 145)
4(34 155 156 35)
4(25 36 157 146)
4(35 156 157 36)
4(26 37 158 147)
4(36 157 158 37)
4(27 38 159 148)
4(37 158 159 38)
4(28 39 160 149)
4(38 159 160 39)
4(29 40 161 150)
4(39 160 161 40)
4(30 41 162 151)
4(40 161 162 41)
4(31 42 163 152)
4(41 162 163 42)
4(42 163 164 43)
4(32 43 164 153)
4(34 45 166 155)
4(44 165 166 45)
4(35 46 167 156)
4(45 166 167 46)
4(36 47 168 157)
4(46 167 168 47)
4(37 48 169 158)
4(47 168 169 48)
4(38 49 170 159)
4(48 169 170 49)
4(39 50 171 160)
4(49 170 171 50)
4(40 51 172 161)
4(50 171 172 51)
4(41 52 173 162)
4(51 172 173 52)
4(42 53 174 163)
4(52 173 174 53)
4(53 174 175 54)
4(43 54 175 164)
4(45 56 177 166)
4(55 176 177 56)
4(46 57 178 167)
4(56 177 178 57)
4(47 58 179 168)
4(57 178 179 58)
4(48 59 180 169)
4(58 179 180 59)
4(49 60 181 170)
4(59 180 181 60)
4(50 61 182 171)
4(60 181 182 61)
4(51 62 183 172)
4(61 182 183 62)
4(52 63 184 173)
4(62 183 184 63)
4(53 64 185 174)
4(63 184 185 64)
4(64 185 186 65)
4(54 65 186 175)
4(56 67 188 177)
4(66 187 188 67)
4(57 68 189 178)
4(67 188 189 68)
4(58 69 190 179)
4(68 189 190 69)
4(59 70 191 180)
4(69 190 191 70)
4(60 71 192 181)
4(70 191 192 71)
4(61 72 193 182)
4(71 192 193 72)
4(62 73 194 183)
4(72 193 194 73)
4(63 74 195 184)
4(73 194 195 74)
4(64 75 196 185)
4(74 195 196 75)
4(75 196 197 76)
4(65 76 197 186)
4(67 78 199 188)
4(77 198 199 78)
4(68 79 200 189)
4(78 199 200 79)
4(69 80 201 190)
4(79 200 201 80)
4(70 81 202 191)
4(80 201 202 81)
4(71 82 203 192)
4(81 202 203 82)
4(72 83 204 193)
4(82 203 204 83)
4(73 84 205 194)
4(83 204 205 84)
4(74 85 206 195)
4(84 205 206 85)
4(75 86 207 196)
4(85 206 207 86)
4(86 207 208 87)
4(76 87 208 197)
4(78 89 210 199)
4(88 209 210 89)
4(79 90 211 200)
4(89 210 211 90)
4(80 91 212 201)
4(90 211 212 91)
4(81 92 213 202)
4(91 212 213 92)
4(82 93 214 203)
4(92 213 214 93)
4(83 94 215 204)
4(93 214 215 94)
4(84 95 216 205)
4(94 215 216 95)
4(85 96 217 206)
4(95 216 217 96)
4(86 97 218 207)
4(96 217 218 97)
4(97 218 219 98)
4(87 98 219 208)
4(89 100 221 210)
4(99 220 221 100)
4(90 101 222 211)
4(100 221 222 101)
4(91 102 223 212)
4(101 222 223 102)
4(92 103 224 213)
4(102 223 224 103)
4(93 104 225 214)
4(103 224 225 104)
4(94 105 226 215)
4(104 225 226 105)
4(95 106 227 216)
4(105 226 227 106)
4(96 107 228 217)
4(106 227 228 107)
4(97 108 229 218)
4(107 228 229 108)
4(108 229 230 109)
4(98 109 230 219)
4(100 111 232 221)
4(101 112 233 222)
4(102 113 234 223)
4(103 114 235 224)
4(104 115 236 225)
4(105 116 237 226)
4(106 117 238 227)
4(107 118 239 228)
4(108 119 240 229)
4(109 120 241 230)
4(242 252 362 352)
4(21 142 362 252)
4(243 253 363 353)
4(252 362 363 253)
4(244 254 364 354)
4(253 363 364 254)
4(245 255 365 355)
4(254 364 365 255)
4(246 256 366 356)
4(255 365 366 256)
4(247 257 367 357)
4(256 366 367 257)
4(248 258 368 358)
4(257 367 368 258)
4(249 259 369 359)
4(258 368 369 259)
4(250 260 370 360)
4(259 369 370 260)
4(260 370 371 261)
4(252 262 372 362)
4(32 153 372 262)
4(253 263 373 363)
4(262 372 373 263)
4(254 264 374 364)
4(263 373 374 264)
4(255 265 375 365)
4(264 374 375 265)
4(256 266 376 366)
4(265 375 376 266)
4(257 267 377 367)
4(266 376 377 267)
4(258 268 378 368)
4(267 377 378 268)
4(259 269 379 369)
4(268 378 379 269)
4(260 270 380 370)
4(269 379 380 270)
4(270 380 381 271)
4(262 272 382 372)
4(43 164 382 272)
4(263 273 383 373)
4(272 382 383 273)
4(264 274 384 374)
4(273 383 384 274)
4(265 275 385 375)
4(274 384 385 275)
4(266 276 386 376)
4(275 385 386 276)
4(267 277 387 377)
4(276 386 387 277)
4(268 278 388 378)
4(277 387 388 278)
4(269 279 389 379)
4(278 388 389 279)
4(270 280 390 380)
4(279 389 390 280)
4(280 390 391 281)
4(272 282 392 382)
4(54 175 392 282)
4(273 283 393 383)
4(282 392 393 283)
4(274 284 394 384)
4(283 393 394 284)
4(275 285 395 385)
4(284 394 395 285)
4(276 286 396 386)
4(285 395 396 286)
4(277 287 397 387)
4(286 396 397 287)
4(278 288 398 388)
4(287 397 398 288)
4(279 289 399 389)
4(288 398 399 289)
4(280 290 400 390)
4(289 399 400 290)
4(290 400 401 291)
4(282 292 402 392)
4(65 186 402 292)
4(283 293 403 393)
4(292 402 403 293)
4(284 294 404 394)
4(293 403 404 294)
4(285 295 405 395)
4(294 404 405 295)
4(286 296 406 396)
4(295 405 406 296)
4(287 297 407 397)
4(296 406 407 297)
4(288 298 408 398)
4(297 407 408 298)
4(289 299 409 399)
4(298 408 409 299)
4(290 300 410 400)
4(299 409 410 300)
4(300 410 411 301)
4(292 302 412 402)
4(76 197 412 302)
4(293 303 413 403)
4(302 412 413 303)
4(294 304 414 404)
4(303 413 414 304)
4(295 305 415 405)
4(304 414 415 305)
4(296 306 416 406)
4(305 415 416 306)
4(297 307 417 407)
4(306 416 417 307)
4(298 308 418 408)
4(307 417 418 308)
4(299 309 419 409)
4(308 418 419 309)
4(300 310 420 410)
4(309 419 420 310)
4(310 420 421 311)
4(302 312 422 412)
4(87 208 422 312)
4(303 313 423 413)
4(312 422 423 313)
4(304 314 424 414)
4(313 423 424 314)
4(305 315 425 415)
4(314 424 425 315)
4(306 316 426 416)
4(315 425 426 316)
4(307 317 427 417)
4(316 426 427 317)
4(308 318 428 418)
4(317 427 428 318)
4(309 319 429 419)
4(318 428 429 319)
4(310 320 430 420)
4(319 429 430 320)
4(320 430 431 321)
4(312 322 432 422)
4(98 219 432 322)
4(313 323 433 423)
4(322 432 433 323)
4(314 324 434 424)
4(323 433 434 324)
4(315 325 435 425)
4(324 434 435 325)
4(316 326 436 426)
4(325 435 436 326)
4(317 327 437 427)
4(326 436 437 327)
4(318 328 438 428)
4(327 437 438 328)
4(319 329 439 429)
4(328 438 439 329)
4(320 330 440 430)
4(329 439 440 330)
4(330 440 441 331)
4(322 332 442 432)
4(109 230 442 332)
4(323 333 443 433)
4(332 442 443 333)
4(324 334 444 434)
4(333 443 444 334)
4(325 335 445 435)
4(334 444 445 335)
4(326 336 446 436)
4(335 445 446 336)
4(327 337 447 437)
4(336 446 447 337)
4(328 338 448 438)
4(337 447 448 338)
4(329 339 449 439)
4(338 448 449 339)
4(330 340 450 440)
4(339 449 450 340)
4(340 450 451 341)
4(332 342 452 442)
4(333 343 453 443)
4(334 344 454 444)
4(335 345 455 445)
4(336 346 456 446)
4(337 347 457 447)
4(338 348 458 448)
4(339 349 459 449)
4(340 350 460 450)
4(0 121 132 11)
4(11 132 143 22)
4(22 143 154 33)
4(33 154 165 44)
4(44 165 176 55)
4(55 176 187 66)
4(66 187 198 77)
4(77 198 209 88)
4(88 209 220 99)
4(99 220 231 110)
4(251 261 371 361)
4(261 271 381 371)
4(271 281 391 381)
4(281 291 401 391)
4(291 301 411 401)
4(301 311 421 411)
4(311 321 431 421)
4(321 331 441 431)
4(331 341 451 441)
4(341 351 461 451)
4(0 1 122 121)
4(1 2 123 122)
4(2 3 124 123)
4(3 4 125 124)
4(4 5 126 125)
4(5 6 127 126)
4(6 7 128 127)
4(7 8 129 128)
4(8 9 130 129)
4(9 10 131 130)
4(110 231 232 111)
4(111 232 233 112)
4(112 233 234 113)
4(113 234 235 114)
4(114 235 236 115)
4(115 236 237 116)
4(116 237 238 117)
4(117 238 239 118)
4(118 239 240 119)
4(119 240 241 120)
4(10 242 352 131)
4(242 243 353 352)
4(243 244 354 353)
4(244 245 355 354)
4(245 246 356 355)
4(246 247 357 356)
4(247 248 358 357)
4(248 249 359 358)
4(249 250 360 359)
4(250 251 361 360)
4(120 241 452 342)
4(342 452 453 343)
4(343 453 454 344)
4(344 454 455 345)
4(345 455 456 346)
4(346 456 457 347)
4(347 457 458 348)
4(348 458 459 349)
4(349 459 460 350)
4(350 460 461 351)
4(0 11 12 1)
4(11 22 23 12)
4(22 33 34 23)
4(33 44 45 34)
4(44 55 56 45)
4(55 66 67 56)
4(66 77 78 67)
4(77 88 89 78)
4(88 99 100 89)
4(99 110 111 100)
4(1 12 13 2)
4(12 23 24 13)
4(23 34 35 24)
4(34 45 46 35)
4(45 56 57 46)
4(56 67 68 57)
4(67 78 79 68)
4(78 89 90 79)
4(89 100 101 90)
4(100 111 112 101)
4(2 13 14 3)
4(13 24 25 14)
4(24 35 36 25)
4(35 46 47 36)
4(46 57 58 47)
4(57 68 69 58)
4(68 79 80 69)
4(79 90 91 80)
4(90 101 102 91)
4(101 112 113 102)
4(3 14 15 4)
4(14 25 26 15)
4(25 36 37 26)
4(36 47 48 37)
4(47 58 59 48)
4(58 69 70 59)
4(69 80 81 70)
4(80 91 92 81)
4(91 102 103 92)
4(102 113 114 103)
4(4 15 16 5)
4(15 26 27 16)
4(26 37 38 27)
4(37 48 49 38)
4(48 59 60 49)
4(59 70 71 60)
4(70 81 82 71)
4(81 92 93 82)
4(92 103 104 93)
4(103 114 115 104)
4(5 16 17 6)
4(16 27 28 17)
4(27 38 39 28)
4(38 49 50 39)
4(49 60 61 50)
4(60 71 72 61)
4(71 82 83 72)
4(82 93 94 83)
4(93 104 105 94)
4(104 115 116 105)
4(6 17 18 7)
4(17 28 29 18)
4(28 39 40 29)
4(39 50 51 40)
4(50 61 62 51)
4(61 72 73 62)
4(72 83 84 73)
4(83 94 95 84)
4(94 105 106 95)
4(105 116 117 106)
4(7 18 19 8)
4(18 29 30 19)
4(29 40 41 30)
4(40 51 52 41)
4(51 62 63 52)
4(62 73 74 63)
4(73 84 85 74)
4(84 95 96 85)
4(95 106 107 96)
4(106 117 118 107)
4(8 19 20 9)
4(19 30 31 20)
4(30 41 42 31)
4(41 52 53 42)
4(52 63 64 53)
4(63 74 75 64)
4(74 85 86 75)
4(85 96 97 86)
4(96 107 108 97)
4(107 118 119 108)
4(9 20 21 10)
4(20 31 32 21)
4(31 42 43 32)
4(42 53 54 43)
4(53 64 65 54)
4(64 75 76 65)
4(75 86 87 76)
4(86 97 98 87)
4(97 108 109 98)
4(108 119 120 109)
4(121 122 133 132)
4(132 133 144 143)
4(143 144 155 154)
4(154 155 166 165)
4(165 166 177 176)
4(176 177 188 187)
4(187 188 199 198)
4(198 199 210 209)
4(209 210 221 220)
4(220 221 232 231)
4(122 123 134 133)
4(133 134 145 144)
4(144 145 156 155)
4(155 156 167 166)
4(166 167 178 177)
4(177 178 189 188)
4(188 189 200 199)
4(199 200 211 210)
4(210 211 222 221)
4(221 222 233 232)
4(123 124 135 134)
4(134 135 146 145)
4(145 146 157 156)
4(156 157 168 167)
4(167 168 179 178)
4(178 179 190 189)
4(189 190 201 200)
4(200 201 212 211)
4(211 212 223 222)
4(222 223 234 233)
4(124 125 136 135)
4(135 136 147 146)
4(146 147 158 157)
4(157 158 169 168)
4(168 169 180 179)
4(179 180 191 190)
4(190 191 202 201)
4(201 202 213 212)
4(212 213 224 223)
4(223 224 235 234)
4(125 126 137 136)
4(136 137 148 147)
4(147 148 159 158)
4(158 159 170 169)
4(169 170 181 180)
4(180 181 192 191)
4(191 192 203 202)
4(202 203 214 213)
4(213 214 225 224)
4(224 225 236 235)
4(126 127 138 137)
4(137 138 149 148)
4(148 149 160 159)
4(159 160 171 170)
4(170 171 182 181)
4(181 182 193 192)
4(192 193 204 203)
4(203 204 215 214)
4(214 215 226 225)
4(225 226 237 236)
4(127 128 139 138)
4(138 139 150 149)
4(149 150 161 160)
4(160 161 172 171)
4(171 172 183 182)
4(182 183 194 193)
4(193 194 205 204)
4(204 205 216 215)
4(215 216 227 226)
4(226 227 238 237)
4(128 129 140 139)
4(139 140 151 150)
4(150 151 162 161)
4(161 162 173 172)
4(172 173 184 183)
4(183 184 195 194)
4(194 195 206 205)
4(205 206 217 216)
4(216 217 228 227)
4(227 228 239 238)
4(129 130 141 140)
4(140 141 152 151)
4(151 152 163 162)
4(162 163 174 173)
4(173 174 185 184)
4(184 185 196 195)
4(195 196 207 206)
4(206 207 218 217)
4(217 218 229 228)
4(228 229 240 239)
4(130 131 142 141)
4(141 142 153 152)
4(152 153 164 163)
4(163 164 175 174)
4(174 175 186 185)
4(185 186 197 196)
4(196 197 208 207)
4(207 208 219 218)
4(218 219 230 229)
4(229 230 241 240)
4(10 21 252 242)
4(21 32 262 252)
4(32 43 272 262)
4(43 54 282 272)
4(54 65 292 282)
4(65 76 302 292)
4(76 87 312 302)
4(87 98 322 312)
4(98 109 332 322)
4(109 120 342 332)
4(242 252 253 243)
4(252 262 263 253)
4(262 272 273 263)
4(272 282 283 273)
4(282 292 293 283)
4(292 302 303 293)
4(302 312 313 303)
4(312 322 323 313)
4(322 332 333 323)
4(332 342 343 333)
4(243 253 254 244)
4(253 263 264 254)
4(263 273 274 264)
4(273 283 284 274)
4(283 293 294 284)
4(293 303 304 294)
4(303 313 314 304)
4(313 323 324 314)
4(323 333 334 324)
4(333 343 344 334)
4(244 254 255 245)
4(254 264 265 255)
4(264 274 275 265)
4(274 284 285 275)
4(284 294 295 285)
4(294 304 305 295)
4(304 314 315 305)
4(314 324 325 315)
4(324 334 335 325)
4(334 344 345 335)
4(245 255 256 246)
4(255 265 266 256)
4(265 275 276 266)
4(275 285 286 276)
4(285 295 296 286)
4(295 305 306 296)
4(305 315 316 306)
4(315 325 326 316)
4(325 335 336 326)
4(335 345 346 336)
4(246 256 257 247)
4(256 266 267 257)
4(266 276 277 267)
4(276 286 287 277)
4(286 296 297 287)
4(296 306 307 297)
4(306 316 317 307)
4(316 326 327 317)
4(326 336 337 327)
4(336 346 347 337)
4(247 257 258 248)
4(257 267 268 258)
4(267 277 278 268)
4(277 287 288 278)
4(287 297 298 288)
4(297 307 308 298)
4(307 317 318 308)
4(317 327 328 318)
4(327 337 338 328)
4(337 347 348 338)
4(248 258 259 249)
4(258 268 269 259)
4(268 278 279 269)
4(278 288 289 279)
4(288 298 299 289)
4(298 308 309 299)
4(308 318 319 309)
4(318 328 329 319)
4(328 338 339 329)
4(338 348 349 339)
4(249 259 260 250)
4(259 269 270 260)
4(269 279 280 270)
4(279 289 290 280)
4(289 299 300 290)
4(299 309 310 300)
4(309 319 320 310)
4(319 329 330 320)
4(329 339 340 330)
4(339 349 350 340)
4(250 260 261 251)
4(260 270 271 261)
4(270 280 281 271)
4(280 290 291 281)
4(290 300 301 291)
4(300 310 311 301)
4(310 320 321 311)
4(320 330 331 321)
4(330 340 341 331)
4(340 350 351 341)
4(131 352 362 142)
4(142 362 372 153)
4(153 372 382 164)
4(164 382 392 175)
4(175 392 402 186)
4(186 402 412 197)
4(197 412 422 208)
4(208 422 432 219)
4(219 432 442 230)
4(230 442 452 241)
4(352 353 363 362)
4(362 363 373 372)
4(372 373 383 382)
4(382 383 393 392)
4(392 393 403 402)
4(402 403 413 412)
4(412 413 423 422)
4(422 423 433 432)
4(432 433 443 442)
4(442 443 453 452)
4(353 354 364 363)
4(363 364 374 373)
4(373 374 384 383)
4(383 384 394 393)
4(393 394 404 403)
4(403 404 414 413)
4(413 414 424 423)
4(423 424 434 433)
4(433 434 444 443)
4(443 444 454 453)
4(354 355 365 364)
4(364 365 375 374)
4(374 375 385 384)
4(384 385 395 394)
4(394 395 405 404)
4(404 405 415 414)
4(414 415 425 424)
4(424 425 435 434)
4(434 435 445 444)
4(444 445 455 454)
4(355 356 366 365)
4(365 366 376 375)
4(375 376 386 385)
4(385 386 396 395)
4(395 396 406 405)
4(405 406 416 415)
4(415 416 426 425)
4(425 426 436 435)
4(435 436 446 445)
4(445 446 456 455)
4(356 357 367 366)
4(366 367 377 376)
4(376 377 387 386)
4(386 387 397 396)
4(396 397 407 406)
4(406 407 417 416)
4(416 417 427 426)
4(426 427 437 436)
4(436 437 447 446)
4(446 447 457 456)
4(357 358 368 367)
4(367 368 378 377)
4(377 378 388 387)
4(387 388 398 397)
4(397 398 408 407)
4(407 408 418 417)
4(417 418 428 427)
4(427 428 438 437)
4(437 438 448 447)
4(447 448 458 457)
4(358 359 369 368)
4(368 369 379 378)
4(378 379 389 388)
4(388 389 399 398)
4(398 399 409 408)
4(408 409 419 418)
4(418 419 429 428)
4(428 429 439 438)
4(438 439 449 448)
4(448 449 459 458)
4(359 360 370 369)
4(369 370 380 379)
4(379 380 390 389)
4(389 390 400 399)
4(399 400 410 409)
4(409 410 420 419)
4(419 420 430 429)
4(429 430 440 439)
4(439 440 450 449)
4(449 450 460 459)
4(360 361 371 370)
4(370 371 381 380)
4(380 381 391 390)
4(390 391 401 400)
4(400 401 411 410)
4(410 411 421 420)
4(420 421 431 430)
4(430 431 441 440)
4(440 441 451 450)
4(450 451 461 460)
)


// ************************************************************************* //
