/*--------------------------------*- C++ -*----------------------------------*\
  =========                 |
  \\      /  F ield         | OpenFOAM: The Open Source CFD Toolbox
   \\    /   O peration     | Website:  https://openfoam.org
    \\  /    A nd           | Version:  10
     \\/     M anipulation  |
\*---------------------------------------------------------------------------*/
FoamFile
{
    format      ascii;
    class       vectorField;
    location    "constant/polyMesh";
    object      points;
}
// * * * * * * * * * * * * * * * * * * * * * * * * * * * * * * * * * * * * * //


242
(
(-0.1 -0.05 0)
(-0.06 -0.05 0)
(-0.02 -0.05 0)
(0.02 -0.05 0)
(0.06 -0.05 0)
(0.1 -0.05 0)
(0.14 -0.05 0)
(0.18 -0.05 0)
(0.22 -0.05 0)
(0.26 -0.05 0)
(0.3 -0.05 0)
(-0.1 -0.04 0)
(-0.06 -0.04 0)
(-0.02 -0.04 0)
(0.02 -0.04 0)
(0.06 -0.04 0)
(0.1 -0.04 0)
(0.14 -0.04 0)
(0.18 -0.04 0)
(0.22 -0.04 0)
(0.26 -0.04 0)
(0.3 -0.04 0)
(-0.1 -0.03 0)
(-0.06 -0.03 0)
(-0.02 -0.03 0)
(0.02 -0.03 0)
(0.06 -0.03 0)
(0.1 -0.03 0)
(0.14 -0.03 0)
(0.18 -0.03 0)
(0.22 -0.03 0)
(0.26 -0.03 0)
(0.3 -0.03 0)
(-0.1 -0.02 0)
(-0.06 -0.02 0)
(-0.02 -0.02 0)
(0.02 -0.02 0)
(0.06 -0.02 0)
(0.1 -0.02 0)
(0.14 -0.02 0)
(0.18 -0.02 0)
(0.22 -0.02 0)
(0.26 -0.02 0)
(0.3 -0.02 0)
(-0.1 -0.01 0)
(-0.06 -0.01 0)
(-0.02 -0.01 0)
(0.02 -0.01 0)
(0.06 -0.01 0)
(0.1 -0.01 0)
(0.14 -0.01 0)
(0.18 -0.01 0)
(0.22 -0.01 0)
(0.26 -0.01 0)
(0.3 -0.01 0)
(-0.1 0 0)
(-0.06 1.156482317e-18 0)
(-0.02 0 0)
(0.02 0 0)
(0.06 0 0)
(0.1 0 0)
(0.14 0 0)
(0.18 -5.782411587e-19 0)
(0.22 5.782411587e-19 0)
(0.26 2.891205793e-19 0)
(0.3 0 0)
(-0.1 0.01 0)
(-0.06 0.01 0)
(-0.02 0.01 0)
(0.02 0.01 0)
(0.06 0.01 0)
(0.1 0.01 0)
(0.14 0.01 0)
(0.18 0.01 0)
(0.22 0.01 0)
(0.26 0.01 0)
(0.3 0.01 0)
(-0.1 0.02 0)
(-0.06 0.02 0)
(-0.02 0.02 0)
(0.02 0.02 0)
(0.06 0.02 0)
(0.1 0.02 0)
(0.14 0.02 0)
(0.18 0.02 0)
(0.22 0.02 0)
(0.26 0.02 0)
(0.3 0.02 0)
(-0.1 0.03 0)
(-0.06 0.03 0)
(-0.02 0.03 0)
(0.02 0.03 0)
(0.06 0.03 0)
(0.1 0.03 0)
(0.14 0.03 0)
(0.18 0.03 0)
(0.22 0.03 0)
(0.26 0.03 0)
(0.3 0.03 0)
(-0.1 0.04 0)
(-0.06 0.04 0)
(-0.02 0.04 0)
(0.02 0.04 0)
(0.06 0.04 0)
(0.1 0.04 0)
(0.14 0.04 0)
(0.18 0.04 0)
(0.22 0.04 0)
(0.26 0.04 0)
(0.3 0.04 0)
(-0.1 0.05 0)
(-0.06 0.05 0)
(-0.02 0.05 0)
(0.02 0.05 0)
(0.06 0.05 0)
(0.1 0.05 0)
(0.14 0.05 0)
(0.18 0.05 0)
(0.22 0.05 0)
(0.26 0.05 0)
(0.3 0.05 0)
(-0.1 -0.05 1)
(-0.06 -0.05 1)
(-0.02 -0.05 1)
(0.02 -0.05 1)
(0.06 -0.05 1)
(0.1 -0.05 1)
(0.14 -0.05 1)
(0.18 -0.05 1)
(0.22 -0.05 1)
(0.26 -0.05 1)
(0.3 -0.05 1)
(-0.1 -0.04 1)
(-0.06 -0.04 1)
(-0.02 -0.04 1)
(0.02 -0.04 1)
(0.06 -0.04 1)
(0.1 -0.04 1)
(0.14 -0.04 1)
(0.18 -0.04 1)
(0.22 -0.04 1)
(0.26 -0.04 1)
(0.3 -0.04 1)
(-0.1 -0.03 1)
(-0.06 -0.03 1)
(-0.02 -0.03 1)
(0.02 -0.03 1)
(0.06 -0.03 1)
(0.1 -0.03 1)
(0.14 -0.03 1)
(0.18 -0.03 1)
(0.22 -0.03 1)
(0.26 -0.03 1)
(0.3 -0.03 1)
(-0.1 -0.02 1)
(-0.06 -0.02 1)
(-0.02 -0.02 1)
(0.02 -0.02 1)
(0.06 -0.02 1)
(0.1 -0.02 1)
(0.14 -0.02 1)
(0.18 -0.02 1)
(0.22 -0.02 1)
(0.26 -0.02 1)
(0.3 -0.02 1)
(-0.1 -0.01 1)
(-0.06 -0.01 1)
(-0.02 -0.01 1)
(0.02 -0.01 1)
(0.06 -0.01 1)
(0.1 -0.01 1)
(0.14 -0.01 1)
(0.18 -0.01 1)
(0.22 -0.01 1)
(0.26 -0.01 1)
(0.3 -0.01 1)
(-0.1 0 1)
(-0.06 1.156482317e-18 1)
(-0.02 0 1)
(0.02 0 1)
(0.06 0 1)
(0.1 0 1)
(0.14 0 1)
(0.18 -5.782411587e-19 1)
(0.22 5.782411587e-19 1)
(0.26 2.891205793e-19 1)
(0.3 0 1)
(-0.1 0.01 1)
(-0.06 0.01 1)
(-0.02 0.01 1)
(0.02 0.01 1)
(0.06 0.01 1)
(0.1 0.01 1)
(0.14 0.01 1)
(0.18 0.01 1)
(0.22 0.01 1)
(0.26 0.01 1)
(0.3 0.01 1)
(-0.1 0.02 1)
(-0.06 0.02 1)
(-0.02 0.02 1)
(0.02 0.02 1)
(0.06 0.02 1)
(0.1 0.02 1)
(0.14 0.02 1)
(0.18 0.02 1)
(0.22 0.02 1)
(0.26 0.02 1)
(0.3 0.02 1)
(-0.1 0.03 1)
(-0.06 0.03 1)
(-0.02 0.03 1)
(0.02 0.03 1)
(0.06 0.03 1)
(0.1 0.03 1)
(0.14 0.03 1)
(0.18 0.03 1)
(0.22 0.03 1)
(0.26 0.03 1)
(0.3 0.03 1)
(-0.1 0.04 1)
(-0.06 0.04 1)
(-0.02 0.04 1)
(0.02 0.04 1)
(0.06 0.04 1)
(0.1 0.04 1)
(0.14 0.04 1)
(0.18 0.04 1)
(0.22 0.04 1)
(0.26 0.04 1)
(0.3 0.04 1)
(-0.1 0.05 1)
(-0.06 0.05 1)
(-0.02 0.05 1)
(0.02 0.05 1)
(0.06 0.05 1)
(0.1 0.05 1)
(0.14 0.05 1)
(0.18 0.05 1)
(0.22 0.05 1)
(0.26 0.05 1)
(0.3 0.05 1)
)


// ************************************************************************* //
