/*--------------------------------*- C++ -*----------------------------------*\
  =========                 |
  \\      /  F ield         | OpenFOAM: The Open Source CFD Toolbox
   \\    /   O peration     | Website:  https://openfoam.org
    \\  /    A nd           | Version:  10
     \\/     M anipulation  |
\*---------------------------------------------------------------------------*/
FoamFile
{
    format      ascii;
    class       vectorField;
    location    "constant/polyMesh";
    object      points;
}
// * * * * * * * * * * * * * * * * * * * * * * * * * * * * * * * * * * * * * //


462
(
(-0.15242 0 -0.005)
(-0.137178 0 -0.005)
(-0.121936 0 -0.005)
(-0.106694 0 -0.005)
(-0.091452 0 -0.005)
(-0.07621 0 -0.005)
(-0.060968 0 -0.005)
(-0.045726 0 -0.005)
(-0.030484 0 -0.005)
(-0.015242 0 -0.005)
(0 0 -0.005)
(-0.15242 0.01524 -0.005)
(-0.137178 0.01524 -0.005)
(-0.121936 0.01524 -0.005)
(-0.106694 0.01524 -0.005)
(-0.091452 0.01524 -0.005)
(-0.07621 0.01524 -0.005)
(-0.060968 0.01524 -0.005)
(-0.045726 0.01524 -0.005)
(-0.030484 0.01524 -0.005)
(-0.015242 0.01524 -0.005)
(0 0.01524 -0.005)
(-0.15242 0.03048 -0.005)
(-0.137178 0.03048 -0.005)
(-0.121936 0.03048 -0.005)
(-0.106694 0.03048 -0.005)
(-0.091452 0.03048 -0.005)
(-0.07621 0.03048 -0.005)
(-0.060968 0.03048 -0.005)
(-0.045726 0.03048 -0.005)
(-0.030484 0.03048 -0.005)
(-0.015242 0.03048 -0.005)
(0 0.03048 -0.005)
(-0.15242 0.04572 -0.005)
(-0.137178 0.04572 -0.005)
(-0.121936 0.04572 -0.005)
(-0.106694 0.04572 -0.005)
(-0.091452 0.04572 -0.005)
(-0.07621 0.04572 -0.005)
(-0.060968 0.04572 -0.005)
(-0.045726 0.04572 -0.005)
(-0.030484 0.04572 -0.005)
(-0.015242 0.04572 -0.005)
(0 0.04572 -0.005)
(-0.15242 0.06096 -0.005)
(-0.137178 0.06096 -0.005)
(-0.121936 0.06096 -0.005)
(-0.106694 0.06096 -0.005)
(-0.091452 0.06096 -0.005)
(-0.07621 0.06096 -0.005)
(-0.060968 0.06096 -0.005)
(-0.045726 0.06096 -0.005)
(-0.030484 0.06096 -0.005)
(-0.015242 0.06096 -0.005)
(0 0.06096 -0.005)
(-0.15242 0.0762 -0.005)
(-0.137178 0.0762 -0.005)
(-0.121936 0.0762 -0.005)
(-0.106694 0.0762 -0.005)
(-0.091452 0.0762 -0.005)
(-0.07621 0.0762 -0.005)
(-0.060968 0.0762 -0.005)
(-0.045726 0.0762 -0.005)
(-0.030484 0.0762 -0.005)
(-0.015242 0.0762 -0.005)
(0 0.0762 -0.005)
(-0.15242 0.09144 -0.005)
(-0.137178 0.09144 -0.005)
(-0.121936 0.09144 -0.005)
(-0.106694 0.09144 -0.005)
(-0.091452 0.09144 -0.005)
(-0.07621 0.09144 -0.005)
(-0.060968 0.09144 -0.005)
(-0.045726 0.09144 -0.005)
(-0.030484 0.09144 -0.005)
(-0.015242 0.09144 -0.005)
(0 0.09144 -0.005)
(-0.15242 0.10668 -0.005)
(-0.137178 0.10668 -0.005)
(-0.121936 0.10668 -0.005)
(-0.106694 0.10668 -0.005)
(-0.091452 0.10668 -0.005)
(-0.07621 0.10668 -0.005)
(-0.060968 0.10668 -0.005)
(-0.045726 0.10668 -0.005)
(-0.030484 0.10668 -0.005)
(-0.015242 0.10668 -0.005)
(0 0.10668 -0.005)
(-0.15242 0.12192 -0.005)
(-0.137178 0.12192 -0.005)
(-0.121936 0.12192 -0.005)
(-0.106694 0.12192 -0.005)
(-0.091452 0.12192 -0.005)
(-0.07621 0.12192 -0.005)
(-0.060968 0.12192 -0.005)
(-0.045726 0.12192 -0.005)
(-0.030484 0.12192 -0.005)
(-0.015242 0.12192 -0.005)
(0 0.12192 -0.005)
(-0.15242 0.13716 -0.005)
(-0.137178 0.13716 -0.005)
(-0.121936 0.13716 -0.005)
(-0.106694 0.13716 -0.005)
(-0.091452 0.13716 -0.005)
(-0.07621 0.13716 -0.005)
(-0.060968 0.13716 -0.005)
(-0.045726 0.13716 -0.005)
(-0.030484 0.13716 -0.005)
(-0.015242 0.13716 -0.005)
(0 0.13716 -0.005)
(-0.15242 0.1524 -0.005)
(-0.137178 0.1524 -0.005)
(-0.121936 0.1524 -0.005)
(-0.106694 0.1524 -0.005)
(-0.091452 0.1524 -0.005)
(-0.07621 0.1524 -0.005)
(-0.060968 0.1524 -0.005)
(-0.045726 0.1524 -0.005)
(-0.030484 0.1524 -0.005)
(-0.015242 0.1524 -0.005)
(0 0.1524 -0.005)
(-0.15242 0 0.005)
(-0.137178 0 0.005)
(-0.121936 0 0.005)
(-0.106694 0 0.005)
(-0.091452 0 0.005)
(-0.07621 0 0.005)
(-0.060968 0 0.005)
(-0.045726 0 0.005)
(-0.030484 0 0.005)
(-0.015242 0 0.005)
(0 0 0.005)
(-0.15242 0.01524 0.005)
(-0.137178 0.01524 0.005)
(-0.121936 0.01524 0.005)
(-0.106694 0.01524 0.005)
(-0.091452 0.01524 0.005)
(-0.07621 0.01524 0.005)
(-0.060968 0.01524 0.005)
(-0.045726 0.01524 0.005)
(-0.030484 0.01524 0.005)
(-0.015242 0.01524 0.005)
(0 0.01524 0.005)
(-0.15242 0.03048 0.005)
(-0.137178 0.03048 0.005)
(-0.121936 0.03048 0.005)
(-0.106694 0.03048 0.005)
(-0.091452 0.03048 0.005)
(-0.07621 0.03048 0.005)
(-0.060968 0.03048 0.005)
(-0.045726 0.03048 0.005)
(-0.030484 0.03048 0.005)
(-0.015242 0.03048 0.005)
(0 0.03048 0.005)
(-0.15242 0.04572 0.005)
(-0.137178 0.04572 0.005)
(-0.121936 0.04572 0.005)
(-0.106694 0.04572 0.005)
(-0.091452 0.04572 0.005)
(-0.07621 0.04572 0.005)
(-0.060968 0.04572 0.005)
(-0.045726 0.04572 0.005)
(-0.030484 0.04572 0.005)
(-0.015242 0.04572 0.005)
(0 0.04572 0.005)
(-0.15242 0.06096 0.005)
(-0.137178 0.06096 0.005)
(-0.121936 0.06096 0.005)
(-0.106694 0.06096 0.005)
(-0.091452 0.06096 0.005)
(-0.07621 0.06096 0.005)
(-0.060968 0.06096 0.005)
(-0.045726 0.06096 0.005)
(-0.030484 0.06096 0.005)
(-0.015242 0.06096 0.005)
(0 0.06096 0.005)
(-0.15242 0.0762 0.005)
(-0.137178 0.0762 0.005)
(-0.121936 0.0762 0.005)
(-0.106694 0.0762 0.005)
(-0.091452 0.0762 0.005)
(-0.07621 0.0762 0.005)
(-0.060968 0.0762 0.005)
(-0.045726 0.0762 0.005)
(-0.030484 0.0762 0.005)
(-0.015242 0.0762 0.005)
(0 0.0762 0.005)
(-0.15242 0.09144 0.005)
(-0.137178 0.09144 0.005)
(-0.121936 0.09144 0.005)
(-0.106694 0.09144 0.005)
(-0.091452 0.09144 0.005)
(-0.07621 0.09144 0.005)
(-0.060968 0.09144 0.005)
(-0.045726 0.09144 0.005)
(-0.030484 0.09144 0.005)
(-0.015242 0.09144 0.005)
(0 0.09144 0.005)
(-0.15242 0.10668 0.005)
(-0.137178 0.10668 0.005)
(-0.121936 0.10668 0.005)
(-0.106694 0.10668 0.005)
(-0.091452 0.10668 0.005)
(-0.07621 0.10668 0.005)
(-0.060968 0.10668 0.005)
(-0.045726 0.10668 0.005)
(-0.030484 0.10668 0.005)
(-0.015242 0.10668 0.005)
(0 0.10668 0.005)
(-0.15242 0.12192 0.005)
(-0.137178 0.12192 0.005)
(-0.121936 0.12192 0.005)
(-0.106694 0.12192 0.005)
(-0.091452 0.12192 0.005)
(-0.07621 0.12192 0.005)
(-0.060968 0.12192 0.005)
(-0.045726 0.12192 0.005)
(-0.030484 0.12192 0.005)
(-0.015242 0.12192 0.005)
(0 0.12192 0.005)
(-0.15242 0.13716 0.005)
(-0.137178 0.13716 0.005)
(-0.121936 0.13716 0.005)
(-0.106694 0.13716 0.005)
(-0.091452 0.13716 0.005)
(-0.07621 0.13716 0.005)
(-0.060968 0.13716 0.005)
(-0.045726 0.13716 0.005)
(-0.030484 0.13716 0.005)
(-0.015242 0.13716 0.005)
(0 0.13716 0.005)
(-0.15242 0.1524 0.005)
(-0.137178 0.1524 0.005)
(-0.121936 0.1524 0.005)
(-0.106694 0.1524 0.005)
(-0.091452 0.1524 0.005)
(-0.07621 0.1524 0.005)
(-0.060968 0.1524 0.005)
(-0.045726 0.1524 0.005)
(-0.030484 0.1524 0.005)
(-0.015242 0.1524 0.005)
(0 0.1524 0.005)
(0.03048 0.009144 -0.005)
(0.06096 0.018288 -0.005)
(0.09144 0.027432 -0.005)
(0.12192 0.036576 -0.005)
(0.1524 0.04572 -0.005)
(0.18288 0.054864 -0.005)
(0.21336 0.064008 -0.005)
(0.24384 0.073152 -0.005)
(0.27432 0.082296 -0.005)
(0.3048 0.09144 -0.005)
(0.03048 0.0234696 -0.005)
(0.06096 0.0316992 -0.005)
(0.09144 0.0399288 -0.005)
(0.12192 0.0481584 -0.005)
(0.1524 0.056388 -0.005)
(0.18288 0.0646176 -0.005)
(0.21336 0.0728472 -0.005)
(0.24384 0.0810768 -0.005)
(0.27432 0.0893064 -0.005)
(0.3048 0.097536 -0.005)
(0.03048 0.0377952 -0.005)
(0.06096 0.0451104 -0.005)
(0.09144 0.0524256 -0.005)
(0.12192 0.0597408 -0.005)
(0.1524 0.067056 -0.005)
(0.18288 0.0743712 -0.005)
(0.21336 0.0816864 -0.005)
(0.24384 0.0890016 -0.005)
(0.27432 0.0963168 -0.005)
(0.3048 0.103632 -0.005)
(0.03048 0.0521208 -0.005)
(0.06096 0.0585216 -0.005)
(0.09144 0.0649224 -0.005)
(0.12192 0.0713232 -0.005)
(0.1524 0.077724 -0.005)
(0.18288 0.0841248 -0.005)
(0.21336 0.0905256 -0.005)
(0.24384 0.0969264 -0.005)
(0.27432 0.1033272 -0.005)
(0.3048 0.109728 -0.005)
(0.03048 0.0664464 -0.005)
(0.06096 0.0719328 -0.005)
(0.09144 0.0774192 -0.005)
(0.12192 0.0829056 -0.005)
(0.1524 0.088392 -0.005)
(0.18288 0.0938784 -0.005)
(0.21336 0.0993648 -0.005)
(0.24384 0.1048512 -0.005)
(0.27432 0.1103376 -0.005)
(0.3048 0.115824 -0.005)
(0.03048 0.080772 -0.005)
(0.06096 0.085344 -0.005)
(0.09144 0.089916 -0.005)
(0.12192 0.094488 -0.005)
(0.1524 0.09906 -0.005)
(0.18288 0.103632 -0.005)
(0.21336 0.108204 -0.005)
(0.24384 0.112776 -0.005)
(0.27432 0.117348 -0.005)
(0.3048 0.12192 -0.005)
(0.03048 0.0950976 -0.005)
(0.06096 0.0987552 -0.005)
(0.09144 0.1024128 -0.005)
(0.12192 0.1060704 -0.005)
(0.1524 0.109728 -0.005)
(0.18288 0.1133856 -0.005)
(0.21336 0.1170432 -0.005)
(0.24384 0.1207008 -0.005)
(0.27432 0.1243584 -0.005)
(0.3048 0.128016 -0.005)
(0.03048 0.1094232 -0.005)
(0.06096 0.1121664 -0.005)
(0.09144 0.1149096 -0.005)
(0.12192 0.1176528 -0.005)
(0.1524 0.120396 -0.005)
(0.18288 0.1231392 -0.005)
(0.21336 0.1258824 -0.005)
(0.24384 0.1286256 -0.005)
(0.27432 0.1313688 -0.005)
(0.3048 0.134112 -0.005)
(0.03048 0.1237488 -0.005)
(0.06096 0.1255776 -0.005)
(0.09144 0.1274064 -0.005)
(0.12192 0.1292352 -0.005)
(0.1524 0.131064 -0.005)
(0.18288 0.1328928 -0.005)
(0.21336 0.1347216 -0.005)
(0.24384 0.1365504 -0.005)
(0.27432 0.1383792 -0.005)
(0.3048 0.140208 -0.005)
(0.03048 0.1380744 -0.005)
(0.06096 0.1389888 -0.005)
(0.09144 0.1399032 -0.005)
(0.12192 0.1408176 -0.005)
(0.1524 0.141732 -0.005)
(0.18288 0.1426464 -0.005)
(0.21336 0.1435608 -0.005)
(0.24384 0.1444752 -0.005)
(0.27432 0.1453896 -0.005)
(0.3048 0.146304 -0.005)
(0.03048 0.1524 -0.005)
(0.06096 0.1524 -0.005)
(0.09144 0.1524 -0.005)
(0.12192 0.1524 -0.005)
(0.1524 0.1524 -0.005)
(0.18288 0.1524 -0.005)
(0.21336 0.1524 -0.005)
(0.24384 0.1524 -0.005)
(0.27432 0.1524 -0.005)
(0.3048 0.1524 -0.005)
(0.03048 0.009144 0.005)
(0.06096 0.018288 0.005)
(0.09144 0.027432 0.005)
(0.12192 0.036576 0.005)
(0.1524 0.04572 0.005)
(0.18288 0.054864 0.005)
(0.21336 0.064008 0.005)
(0.24384 0.073152 0.005)
(0.27432 0.082296 0.005)
(0.3048 0.09144 0.005)
(0.03048 0.0234696 0.005)
(0.06096 0.0316992 0.005)
(0.09144 0.0399288 0.005)
(0.12192 0.0481584 0.005)
(0.1524 0.056388 0.005)
(0.18288 0.0646176 0.005)
(0.21336 0.0728472 0.005)
(0.24384 0.0810768 0.005)
(0.27432 0.0893064 0.005)
(0.3048 0.097536 0.005)
(0.03048 0.0377952 0.005)
(0.06096 0.0451104 0.005)
(0.09144 0.0524256 0.005)
(0.12192 0.0597408 0.005)
(0.1524 0.067056 0.005)
(0.18288 0.0743712 0.005)
(0.21336 0.0816864 0.005)
(0.24384 0.0890016 0.005)
(0.27432 0.0963168 0.005)
(0.3048 0.103632 0.005)
(0.03048 0.0521208 0.005)
(0.06096 0.0585216 0.005)
(0.09144 0.0649224 0.005)
(0.12192 0.0713232 0.005)
(0.1524 0.077724 0.005)
(0.18288 0.0841248 0.005)
(0.21336 0.0905256 0.005)
(0.24384 0.0969264 0.005)
(0.27432 0.1033272 0.005)
(0.3048 0.109728 0.005)
(0.03048 0.0664464 0.005)
(0.06096 0.0719328 0.005)
(0.09144 0.0774192 0.005)
(0.12192 0.0829056 0.005)
(0.1524 0.088392 0.005)
(0.18288 0.0938784 0.005)
(0.21336 0.0993648 0.005)
(0.24384 0.1048512 0.005)
(0.27432 0.1103376 0.005)
(0.3048 0.115824 0.005)
(0.03048 0.080772 0.005)
(0.06096 0.085344 0.005)
(0.09144 0.089916 0.005)
(0.12192 0.094488 0.005)
(0.1524 0.09906 0.005)
(0.18288 0.103632 0.005)
(0.21336 0.108204 0.005)
(0.24384 0.112776 0.005)
(0.27432 0.117348 0.005)
(0.3048 0.12192 0.005)
(0.03048 0.0950976 0.005)
(0.06096 0.0987552 0.005)
(0.09144 0.1024128 0.005)
(0.12192 0.1060704 0.005)
(0.1524 0.109728 0.005)
(0.18288 0.1133856 0.005)
(0.21336 0.1170432 0.005)
(0.24384 0.1207008 0.005)
(0.27432 0.1243584 0.005)
(0.3048 0.128016 0.005)
(0.03048 0.1094232 0.005)
(0.06096 0.1121664 0.005)
(0.09144 0.1149096 0.005)
(0.12192 0.1176528 0.005)
(0.1524 0.120396 0.005)
(0.18288 0.1231392 0.005)
(0.21336 0.1258824 0.005)
(0.24384 0.1286256 0.005)
(0.27432 0.1313688 0.005)
(0.3048 0.134112 0.005)
(0.03048 0.1237488 0.005)
(0.06096 0.1255776 0.005)
(0.09144 0.1274064 0.005)
(0.12192 0.1292352 0.005)
(0.1524 0.131064 0.005)
(0.18288 0.1328928 0.005)
(0.21336 0.1347216 0.005)
(0.24384 0.1365504 0.005)
(0.27432 0.1383792 0.005)
(0.3048 0.140208 0.005)
(0.03048 0.1380744 0.005)
(0.06096 0.1389888 0.005)
(0.09144 0.1399032 0.005)
(0.12192 0.1408176 0.005)
(0.1524 0.141732 0.005)
(0.18288 0.1426464 0.005)
(0.21336 0.1435608 0.005)
(0.24384 0.1444752 0.005)
(0.27432 0.1453896 0.005)
(0.3048 0.146304 0.005)
(0.03048 0.1524 0.005)
(0.06096 0.1524 0.005)
(0.09144 0.1524 0.005)
(0.12192 0.1524 0.005)
(0.1524 0.1524 0.005)
(0.18288 0.1524 0.005)
(0.21336 0.1524 0.005)
(0.24384 0.1524 0.005)
(0.27432 0.1524 0.005)
(0.3048 0.1524 0.005)
)


// ************************************************************************* //
