/*--------------------------------*- C++ -*----------------------------------*\
  =========                 |
  \\      /  F ield         | OpenFOAM: The Open Source CFD Toolbox
   \\    /   O peration     | Website:  https://openfoam.org
    \\  /    A nd           | Version:  10
     \\/     M anipulation  |
\*---------------------------------------------------------------------------*/
FoamFile
{
    format      ascii;
    class       faceList;
    location    "constant/polyMesh";
    object      faces;
}
// * * * * * * * * * * * * * * * * * * * * * * * * * * * * * * * * * * * * * //


1691
(
4(1 43 505 463)
4(42 504 505 43)
4(2 44 506 464)
4(43 505 506 44)
4(3 45 507 465)
4(44 506 507 45)
4(4 46 508 466)
4(45 507 508 46)
4(5 47 509 467)
4(46 508 509 47)
4(6 48 510 468)
4(47 509 510 48)
4(7 49 511 469)
4(48 510 511 49)
4(8 50 512 470)
4(49 511 512 50)
4(9 51 513 471)
4(50 512 513 51)
4(10 52 514 472)
4(51 513 514 52)
4(11 53 515 473)
4(52 514 515 53)
4(12 54 516 474)
4(53 515 516 54)
4(13 55 517 475)
4(54 516 517 55)
4(14 56 518 476)
4(55 517 518 56)
4(15 57 519 477)
4(56 518 519 57)
4(16 58 520 478)
4(57 519 520 58)
4(17 59 521 479)
4(58 520 521 59)
4(18 60 522 480)
4(59 521 522 60)
4(19 61 523 481)
4(60 522 523 61)
4(20 62 524 482)
4(61 523 524 62)
4(21 63 525 483)
4(62 524 525 63)
4(22 64 526 484)
4(63 525 526 64)
4(23 65 527 485)
4(64 526 527 65)
4(24 66 528 486)
4(65 527 528 66)
4(25 67 529 487)
4(66 528 529 67)
4(26 68 530 488)
4(67 529 530 68)
4(27 69 531 489)
4(68 530 531 69)
4(28 70 532 490)
4(69 531 532 70)
4(29 71 533 491)
4(70 532 533 71)
4(30 72 534 492)
4(71 533 534 72)
4(31 73 535 493)
4(72 534 535 73)
4(32 74 536 494)
4(73 535 536 74)
4(33 75 537 495)
4(74 536 537 75)
4(34 76 538 496)
4(75 537 538 76)
4(35 77 539 497)
4(76 538 539 77)
4(36 78 540 498)
4(77 539 540 78)
4(37 79 541 499)
4(78 540 541 79)
4(38 80 542 500)
4(79 541 542 80)
4(39 81 543 501)
4(80 542 543 81)
4(40 82 544 502)
4(81 543 544 82)
4(82 544 545 83)
4(43 85 547 505)
4(84 546 547 85)
4(44 86 548 506)
4(85 547 548 86)
4(45 87 549 507)
4(86 548 549 87)
4(46 88 550 508)
4(87 549 550 88)
4(47 89 551 509)
4(88 550 551 89)
4(48 90 552 510)
4(89 551 552 90)
4(49 91 553 511)
4(90 552 553 91)
4(50 92 554 512)
4(91 553 554 92)
4(51 93 555 513)
4(92 554 555 93)
4(52 94 556 514)
4(93 555 556 94)
4(53 95 557 515)
4(94 556 557 95)
4(54 96 558 516)
4(95 557 558 96)
4(55 97 559 517)
4(96 558 559 97)
4(56 98 560 518)
4(97 559 560 98)
4(57 99 561 519)
4(98 560 561 99)
4(58 100 562 520)
4(99 561 562 100)
4(59 101 563 521)
4(100 562 563 101)
4(60 102 564 522)
4(101 563 564 102)
4(61 103 565 523)
4(102 564 565 103)
4(62 104 566 524)
4(103 565 566 104)
4(63 105 567 525)
4(104 566 567 105)
4(64 106 568 526)
4(105 567 568 106)
4(65 107 569 527)
4(106 568 569 107)
4(66 108 570 528)
4(107 569 570 108)
4(67 109 571 529)
4(108 570 571 109)
4(68 110 572 530)
4(109 571 572 110)
4(69 111 573 531)
4(110 572 573 111)
4(70 112 574 532)
4(111 573 574 112)
4(71 113 575 533)
4(112 574 575 113)
4(72 114 576 534)
4(113 575 576 114)
4(73 115 577 535)
4(114 576 577 115)
4(74 116 578 536)
4(115 577 578 116)
4(75 117 579 537)
4(116 578 579 117)
4(76 118 580 538)
4(117 579 580 118)
4(77 119 581 539)
4(118 580 581 119)
4(78 120 582 540)
4(119 581 582 120)
4(79 121 583 541)
4(120 582 583 121)
4(80 122 584 542)
4(121 583 584 122)
4(81 123 585 543)
4(122 584 585 123)
4(82 124 586 544)
4(123 585 586 124)
4(124 586 587 125)
4(85 127 589 547)
4(126 588 589 127)
4(86 128 590 548)
4(127 589 590 128)
4(87 129 591 549)
4(128 590 591 129)
4(88 130 592 550)
4(129 591 592 130)
4(89 131 593 551)
4(130 592 593 131)
4(90 132 594 552)
4(131 593 594 132)
4(91 133 595 553)
4(132 594 595 133)
4(92 134 596 554)
4(133 595 596 134)
4(93 135 597 555)
4(134 596 597 135)
4(94 136 598 556)
4(135 597 598 136)
4(95 137 599 557)
4(136 598 599 137)
4(96 138 600 558)
4(137 599 600 138)
4(97 139 601 559)
4(138 600 601 139)
4(98 140 602 560)
4(139 601 602 140)
4(99 141 603 561)
4(140 602 603 141)
4(100 142 604 562)
4(141 603 604 142)
4(101 143 605 563)
4(142 604 605 143)
4(102 144 606 564)
4(143 605 606 144)
4(103 145 607 565)
4(144 606 607 145)
4(104 146 608 566)
4(145 607 608 146)
4(105 147 609 567)
4(146 608 609 147)
4(106 148 610 568)
4(147 609 610 148)
4(107 149 611 569)
4(148 610 611 149)
4(108 150 612 570)
4(149 611 612 150)
4(109 151 613 571)
4(150 612 613 151)
4(110 152 614 572)
4(151 613 614 152)
4(111 153 615 573)
4(152 614 615 153)
4(112 154 616 574)
4(153 615 616 154)
4(113 155 617 575)
4(154 616 617 155)
4(114 156 618 576)
4(155 617 618 156)
4(115 157 619 577)
4(156 618 619 157)
4(116 158 620 578)
4(157 619 620 158)
4(117 159 621 579)
4(158 620 621 159)
4(118 160 622 580)
4(159 621 622 160)
4(119 161 623 581)
4(160 622 623 161)
4(120 162 624 582)
4(161 623 624 162)
4(121 163 625 583)
4(162 624 625 163)
4(122 164 626 584)
4(163 625 626 164)
4(123 165 627 585)
4(164 626 627 165)
4(124 166 628 586)
4(165 627 628 166)
4(166 628 629 167)
4(127 169 631 589)
4(168 630 631 169)
4(128 170 632 590)
4(169 631 632 170)
4(129 171 633 591)
4(170 632 633 171)
4(130 172 634 592)
4(171 633 634 172)
4(131 173 635 593)
4(172 634 635 173)
4(132 174 636 594)
4(173 635 636 174)
4(133 175 637 595)
4(174 636 637 175)
4(134 176 638 596)
4(175 637 638 176)
4(135 177 639 597)
4(176 638 639 177)
4(136 178 640 598)
4(177 639 640 178)
4(137 179 641 599)
4(178 640 641 179)
4(138 180 642 600)
4(179 641 642 180)
4(139 181 643 601)
4(180 642 643 181)
4(140 182 644 602)
4(181 643 644 182)
4(141 183 645 603)
4(182 644 645 183)
4(142 184 646 604)
4(183 645 646 184)
4(143 185 647 605)
4(184 646 647 185)
4(144 186 648 606)
4(185 647 648 186)
4(145 187 649 607)
4(186 648 649 187)
4(146 188 650 608)
4(187 649 650 188)
4(147 189 651 609)
4(188 650 651 189)
4(148 190 652 610)
4(189 651 652 190)
4(149 191 653 611)
4(190 652 653 191)
4(150 192 654 612)
4(191 653 654 192)
4(151 193 655 613)
4(192 654 655 193)
4(152 194 656 614)
4(193 655 656 194)
4(153 195 657 615)
4(194 656 657 195)
4(154 196 658 616)
4(195 657 658 196)
4(155 197 659 617)
4(196 658 659 197)
4(156 198 660 618)
4(197 659 660 198)
4(157 199 661 619)
4(198 660 661 199)
4(158 200 662 620)
4(199 661 662 200)
4(159 201 663 621)
4(200 662 663 201)
4(160 202 664 622)
4(201 663 664 202)
4(161 203 665 623)
4(202 664 665 203)
4(162 204 666 624)
4(203 665 666 204)
4(163 205 667 625)
4(204 666 667 205)
4(164 206 668 626)
4(205 667 668 206)
4(165 207 669 627)
4(206 668 669 207)
4(166 208 670 628)
4(207 669 670 208)
4(208 670 671 209)
4(169 211 673 631)
4(210 672 673 211)
4(170 212 674 632)
4(211 673 674 212)
4(171 213 675 633)
4(212 674 675 213)
4(172 214 676 634)
4(213 675 676 214)
4(173 215 677 635)
4(214 676 677 215)
4(174 216 678 636)
4(215 677 678 216)
4(175 217 679 637)
4(216 678 679 217)
4(176 218 680 638)
4(217 679 680 218)
4(177 219 681 639)
4(218 680 681 219)
4(178 220 682 640)
4(219 681 682 220)
4(179 221 683 641)
4(220 682 683 221)
4(180 222 684 642)
4(221 683 684 222)
4(181 223 685 643)
4(222 684 685 223)
4(182 224 686 644)
4(223 685 686 224)
4(183 225 687 645)
4(224 686 687 225)
4(184 226 688 646)
4(225 687 688 226)
4(185 227 689 647)
4(226 688 689 227)
4(186 228 690 648)
4(227 689 690 228)
4(187 229 691 649)
4(228 690 691 229)
4(188 230 692 650)
4(229 691 692 230)
4(189 231 693 651)
4(230 692 693 231)
4(190 232 694 652)
4(231 693 694 232)
4(191 233 695 653)
4(232 694 695 233)
4(192 234 696 654)
4(233 695 696 234)
4(193 235 697 655)
4(234 696 697 235)
4(194 236 698 656)
4(235 697 698 236)
4(195 237 699 657)
4(236 698 699 237)
4(196 238 700 658)
4(237 699 700 238)
4(197 239 701 659)
4(238 700 701 239)
4(198 240 702 660)
4(239 701 702 240)
4(199 241 703 661)
4(240 702 703 241)
4(200 242 704 662)
4(241 703 704 242)
4(201 243 705 663)
4(242 704 705 243)
4(202 244 706 664)
4(243 705 706 244)
4(203 245 707 665)
4(244 706 707 245)
4(204 246 708 666)
4(245 707 708 246)
4(205 247 709 667)
4(246 708 709 247)
4(206 248 710 668)
4(247 709 710 248)
4(207 249 711 669)
4(248 710 711 249)
4(208 250 712 670)
4(249 711 712 250)
4(250 712 713 251)
4(211 253 715 673)
4(252 714 715 253)
4(212 254 716 674)
4(253 715 716 254)
4(213 255 717 675)
4(254 716 717 255)
4(214 256 718 676)
4(255 717 718 256)
4(215 257 719 677)
4(256 718 719 257)
4(216 258 720 678)
4(257 719 720 258)
4(217 259 721 679)
4(258 720 721 259)
4(218 260 722 680)
4(259 721 722 260)
4(219 261 723 681)
4(260 722 723 261)
4(220 262 724 682)
4(261 723 724 262)
4(221 263 725 683)
4(262 724 725 263)
4(222 264 726 684)
4(263 725 726 264)
4(223 265 727 685)
4(264 726 727 265)
4(224 266 728 686)
4(265 727 728 266)
4(225 267 729 687)
4(266 728 729 267)
4(226 268 730 688)
4(267 729 730 268)
4(227 269 731 689)
4(268 730 731 269)
4(228 270 732 690)
4(269 731 732 270)
4(229 271 733 691)
4(270 732 733 271)
4(230 272 734 692)
4(271 733 734 272)
4(231 273 735 693)
4(272 734 735 273)
4(232 274 736 694)
4(273 735 736 274)
4(233 275 737 695)
4(274 736 737 275)
4(234 276 738 696)
4(275 737 738 276)
4(235 277 739 697)
4(276 738 739 277)
4(236 278 740 698)
4(277 739 740 278)
4(237 279 741 699)
4(278 740 741 279)
4(238 280 742 700)
4(279 741 742 280)
4(239 281 743 701)
4(280 742 743 281)
4(240 282 744 702)
4(281 743 744 282)
4(241 283 745 703)
4(282 744 745 283)
4(242 284 746 704)
4(283 745 746 284)
4(243 285 747 705)
4(284 746 747 285)
4(244 286 748 706)
4(285 747 748 286)
4(245 287 749 707)
4(286 748 749 287)
4(246 288 750 708)
4(287 749 750 288)
4(247 289 751 709)
4(288 750 751 289)
4(248 290 752 710)
4(289 751 752 290)
4(249 291 753 711)
4(290 752 753 291)
4(250 292 754 712)
4(291 753 754 292)
4(292 754 755 293)
4(253 295 757 715)
4(294 756 757 295)
4(254 296 758 716)
4(295 757 758 296)
4(255 297 759 717)
4(296 758 759 297)
4(256 298 760 718)
4(297 759 760 298)
4(257 299 761 719)
4(298 760 761 299)
4(258 300 762 720)
4(299 761 762 300)
4(259 301 763 721)
4(300 762 763 301)
4(260 302 764 722)
4(301 763 764 302)
4(261 303 765 723)
4(302 764 765 303)
4(262 304 766 724)
4(303 765 766 304)
4(263 305 767 725)
4(304 766 767 305)
4(264 306 768 726)
4(305 767 768 306)
4(265 307 769 727)
4(306 768 769 307)
4(266 308 770 728)
4(307 769 770 308)
4(267 309 771 729)
4(308 770 771 309)
4(268 310 772 730)
4(309 771 772 310)
4(269 311 773 731)
4(310 772 773 311)
4(270 312 774 732)
4(311 773 774 312)
4(271 313 775 733)
4(312 774 775 313)
4(272 314 776 734)
4(313 775 776 314)
4(273 315 777 735)
4(314 776 777 315)
4(274 316 778 736)
4(315 777 778 316)
4(275 317 779 737)
4(316 778 779 317)
4(276 318 780 738)
4(317 779 780 318)
4(277 319 781 739)
4(318 780 781 319)
4(278 320 782 740)
4(319 781 782 320)
4(279 321 783 741)
4(320 782 783 321)
4(280 322 784 742)
4(321 783 784 322)
4(281 323 785 743)
4(322 784 785 323)
4(282 324 786 744)
4(323 785 786 324)
4(283 325 787 745)
4(324 786 787 325)
4(284 326 788 746)
4(325 787 788 326)
4(285 327 789 747)
4(326 788 789 327)
4(286 328 790 748)
4(327 789 790 328)
4(287 329 791 749)
4(328 790 791 329)
4(288 330 792 750)
4(329 791 792 330)
4(289 331 793 751)
4(330 792 793 331)
4(290 332 794 752)
4(331 793 794 332)
4(291 333 795 753)
4(332 794 795 333)
4(292 334 796 754)
4(333 795 796 334)
4(334 796 797 335)
4(295 337 799 757)
4(336 798 799 337)
4(296 338 800 758)
4(337 799 800 338)
4(297 339 801 759)
4(338 800 801 339)
4(298 340 802 760)
4(339 801 802 340)
4(299 341 803 761)
4(340 802 803 341)
4(300 342 804 762)
4(341 803 804 342)
4(301 343 805 763)
4(342 804 805 343)
4(302 344 806 764)
4(343 805 806 344)
4(303 345 807 765)
4(344 806 807 345)
4(304 346 808 766)
4(345 807 808 346)
4(305 347 809 767)
4(346 808 809 347)
4(306 348 810 768)
4(347 809 810 348)
4(307 349 811 769)
4(348 810 811 349)
4(308 350 812 770)
4(349 811 812 350)
4(309 351 813 771)
4(350 812 813 351)
4(310 352 814 772)
4(351 813 814 352)
4(311 353 815 773)
4(352 814 815 353)
4(312 354 816 774)
4(353 815 816 354)
4(313 355 817 775)
4(354 816 817 355)
4(314 356 818 776)
4(355 817 818 356)
4(315 357 819 777)
4(356 818 819 357)
4(316 358 820 778)
4(357 819 820 358)
4(317 359 821 779)
4(358 820 821 359)
4(318 360 822 780)
4(359 821 822 360)
4(319 361 823 781)
4(360 822 823 361)
4(320 362 824 782)
4(361 823 824 362)
4(321 363 825 783)
4(362 824 825 363)
4(322 364 826 784)
4(363 825 826 364)
4(323 365 827 785)
4(364 826 827 365)
4(324 366 828 786)
4(365 827 828 366)
4(325 367 829 787)
4(366 828 829 367)
4(326 368 830 788)
4(367 829 830 368)
4(327 369 831 789)
4(368 830 831 369)
4(328 370 832 790)
4(369 831 832 370)
4(329 371 833 791)
4(370 832 833 371)
4(330 372 834 792)
4(371 833 834 372)
4(331 373 835 793)
4(372 834 835 373)
4(332 374 836 794)
4(373 835 836 374)
4(333 375 837 795)
4(374 836 837 375)
4(334 376 838 796)
4(375 837 838 376)
4(376 838 839 377)
4(337 379 841 799)
4(378 840 841 379)
4(338 380 842 800)
4(379 841 842 380)
4(339 381 843 801)
4(380 842 843 381)
4(340 382 844 802)
4(381 843 844 382)
4(341 383 845 803)
4(382 844 845 383)
4(342 384 846 804)
4(383 845 846 384)
4(343 385 847 805)
4(384 846 847 385)
4(344 386 848 806)
4(385 847 848 386)
4(345 387 849 807)
4(386 848 849 387)
4(346 388 850 808)
4(387 849 850 388)
4(347 389 851 809)
4(388 850 851 389)
4(348 390 852 810)
4(389 851 852 390)
4(349 391 853 811)
4(390 852 853 391)
4(350 392 854 812)
4(391 853 854 392)
4(351 393 855 813)
4(392 854 855 393)
4(352 394 856 814)
4(393 855 856 394)
4(353 395 857 815)
4(394 856 857 395)
4(354 396 858 816)
4(395 857 858 396)
4(355 397 859 817)
4(396 858 859 397)
4(356 398 860 818)
4(397 859 860 398)
4(357 399 861 819)
4(398 860 861 399)
4(358 400 862 820)
4(399 861 862 400)
4(359 401 863 821)
4(400 862 863 401)
4(360 402 864 822)
4(401 863 864 402)
4(361 403 865 823)
4(402 864 865 403)
4(362 404 866 824)
4(403 865 866 404)
4(363 405 867 825)
4(404 866 867 405)
4(364 406 868 826)
4(405 867 868 406)
4(365 407 869 827)
4(406 868 869 407)
4(366 408 870 828)
4(407 869 870 408)
4(367 409 871 829)
4(408 870 871 409)
4(368 410 872 830)
4(409 871 872 410)
4(369 411 873 831)
4(410 872 873 411)
4(370 412 874 832)
4(411 873 874 412)
4(371 413 875 833)
4(412 874 875 413)
4(372 414 876 834)
4(413 875 876 414)
4(373 415 877 835)
4(414 876 877 415)
4(374 416 878 836)
4(415 877 878 416)
4(375 417 879 837)
4(416 878 879 417)
4(376 418 880 838)
4(417 879 880 418)
4(418 880 881 419)
4(379 421 883 841)
4(380 422 884 842)
4(381 423 885 843)
4(382 424 886 844)
4(383 425 887 845)
4(384 426 888 846)
4(385 427 889 847)
4(386 428 890 848)
4(387 429 891 849)
4(388 430 892 850)
4(389 431 893 851)
4(390 432 894 852)
4(391 433 895 853)
4(392 434 896 854)
4(393 435 897 855)
4(394 436 898 856)
4(395 437 899 857)
4(396 438 900 858)
4(397 439 901 859)
4(398 440 902 860)
4(399 441 903 861)
4(400 442 904 862)
4(401 443 905 863)
4(402 444 906 864)
4(403 445 907 865)
4(404 446 908 866)
4(405 447 909 867)
4(406 448 910 868)
4(407 449 911 869)
4(408 450 912 870)
4(409 451 913 871)
4(410 452 914 872)
4(411 453 915 873)
4(412 454 916 874)
4(413 455 917 875)
4(414 456 918 876)
4(415 457 919 877)
4(416 458 920 878)
4(417 459 921 879)
4(418 460 922 880)
4(0 462 504 42)
4(42 504 546 84)
4(84 546 588 126)
4(126 588 630 168)
4(168 630 672 210)
4(210 672 714 252)
4(252 714 756 294)
4(294 756 798 336)
4(336 798 840 378)
4(378 840 882 420)
4(420 882 883 421)
4(421 883 884 422)
4(422 884 885 423)
4(423 885 886 424)
4(424 886 887 425)
4(425 887 888 426)
4(426 888 889 427)
4(427 889 890 428)
4(428 890 891 429)
4(429 891 892 430)
4(430 892 893 431)
4(431 893 894 432)
4(432 894 895 433)
4(433 895 896 434)
4(434 896 897 435)
4(435 897 898 436)
4(436 898 899 437)
4(437 899 900 438)
4(438 900 901 439)
4(439 901 902 440)
4(440 902 903 441)
4(441 903 904 442)
4(442 904 905 443)
4(443 905 906 444)
4(444 906 907 445)
4(445 907 908 446)
4(446 908 909 447)
4(447 909 910 448)
4(448 910 911 449)
4(449 911 912 450)
4(450 912 913 451)
4(451 913 914 452)
4(452 914 915 453)
4(453 915 916 454)
4(454 916 917 455)
4(455 917 918 456)
4(456 918 919 457)
4(457 919 920 458)
4(458 920 921 459)
4(459 921 922 460)
4(460 922 923 461)
4(41 83 545 503)
4(83 125 587 545)
4(125 167 629 587)
4(167 209 671 629)
4(209 251 713 671)
4(251 293 755 713)
4(293 335 797 755)
4(335 377 839 797)
4(377 419 881 839)
4(419 461 923 881)
4(0 1 463 462)
4(1 2 464 463)
4(2 3 465 464)
4(3 4 466 465)
4(4 5 467 466)
4(5 6 468 467)
4(6 7 469 468)
4(7 8 470 469)
4(8 9 471 470)
4(9 10 472 471)
4(10 11 473 472)
4(11 12 474 473)
4(12 13 475 474)
4(13 14 476 475)
4(14 15 477 476)
4(15 16 478 477)
4(16 17 479 478)
4(17 18 480 479)
4(18 19 481 480)
4(19 20 482 481)
4(20 21 483 482)
4(21 22 484 483)
4(22 23 485 484)
4(23 24 486 485)
4(24 25 487 486)
4(25 26 488 487)
4(26 27 489 488)
4(27 28 490 489)
4(28 29 491 490)
4(29 30 492 491)
4(30 31 493 492)
4(31 32 494 493)
4(32 33 495 494)
4(33 34 496 495)
4(34 35 497 496)
4(35 36 498 497)
4(36 37 499 498)
4(37 38 500 499)
4(38 39 501 500)
4(39 40 502 501)
4(40 41 503 502)
4(0 42 43 1)
4(42 84 85 43)
4(84 126 127 85)
4(126 168 169 127)
4(168 210 211 169)
4(210 252 253 211)
4(252 294 295 253)
4(294 336 337 295)
4(336 378 379 337)
4(378 420 421 379)
4(1 43 44 2)
4(43 85 86 44)
4(85 127 128 86)
4(127 169 170 128)
4(169 211 212 170)
4(211 253 254 212)
4(253 295 296 254)
4(295 337 338 296)
4(337 379 380 338)
4(379 421 422 380)
4(2 44 45 3)
4(44 86 87 45)
4(86 128 129 87)
4(128 170 171 129)
4(170 212 213 171)
4(212 254 255 213)
4(254 296 297 255)
4(296 338 339 297)
4(338 380 381 339)
4(380 422 423 381)
4(3 45 46 4)
4(45 87 88 46)
4(87 129 130 88)
4(129 171 172 130)
4(171 213 214 172)
4(213 255 256 214)
4(255 297 298 256)
4(297 339 340 298)
4(339 381 382 340)
4(381 423 424 382)
4(4 46 47 5)
4(46 88 89 47)
4(88 130 131 89)
4(130 172 173 131)
4(172 214 215 173)
4(214 256 257 215)
4(256 298 299 257)
4(298 340 341 299)
4(340 382 383 341)
4(382 424 425 383)
4(5 47 48 6)
4(47 89 90 48)
4(89 131 132 90)
4(131 173 174 132)
4(173 215 216 174)
4(215 257 258 216)
4(257 299 300 258)
4(299 341 342 300)
4(341 383 384 342)
4(383 425 426 384)
4(6 48 49 7)
4(48 90 91 49)
4(90 132 133 91)
4(132 174 175 133)
4(174 216 217 175)
4(216 258 259 217)
4(258 300 301 259)
4(300 342 343 301)
4(342 384 385 343)
4(384 426 427 385)
4(7 49 50 8)
4(49 91 92 50)
4(91 133 134 92)
4(133 175 176 134)
4(175 217 218 176)
4(217 259 260 218)
4(259 301 302 260)
4(301 343 344 302)
4(343 385 386 344)
4(385 427 428 386)
4(8 50 51 9)
4(50 92 93 51)
4(92 134 135 93)
4(134 176 177 135)
4(176 218 219 177)
4(218 260 261 219)
4(260 302 303 261)
4(302 344 345 303)
4(344 386 387 345)
4(386 428 429 387)
4(9 51 52 10)
4(51 93 94 52)
4(93 135 136 94)
4(135 177 178 136)
4(177 219 220 178)
4(219 261 262 220)
4(261 303 304 262)
4(303 345 346 304)
4(345 387 388 346)
4(387 429 430 388)
4(10 52 53 11)
4(52 94 95 53)
4(94 136 137 95)
4(136 178 179 137)
4(178 220 221 179)
4(220 262 263 221)
4(262 304 305 263)
4(304 346 347 305)
4(346 388 389 347)
4(388 430 431 389)
4(11 53 54 12)
4(53 95 96 54)
4(95 137 138 96)
4(137 179 180 138)
4(179 221 222 180)
4(221 263 264 222)
4(263 305 306 264)
4(305 347 348 306)
4(347 389 390 348)
4(389 431 432 390)
4(12 54 55 13)
4(54 96 97 55)
4(96 138 139 97)
4(138 180 181 139)
4(180 222 223 181)
4(222 264 265 223)
4(264 306 307 265)
4(306 348 349 307)
4(348 390 391 349)
4(390 432 433 391)
4(13 55 56 14)
4(55 97 98 56)
4(97 139 140 98)
4(139 181 182 140)
4(181 223 224 182)
4(223 265 266 224)
4(265 307 308 266)
4(307 349 350 308)
4(349 391 392 350)
4(391 433 434 392)
4(14 56 57 15)
4(56 98 99 57)
4(98 140 141 99)
4(140 182 183 141)
4(182 224 225 183)
4(224 266 267 225)
4(266 308 309 267)
4(308 350 351 309)
4(350 392 393 351)
4(392 434 435 393)
4(15 57 58 16)
4(57 99 100 58)
4(99 141 142 100)
4(141 183 184 142)
4(183 225 226 184)
4(225 267 268 226)
4(267 309 310 268)
4(309 351 352 310)
4(351 393 394 352)
4(393 435 436 394)
4(16 58 59 17)
4(58 100 101 59)
4(100 142 143 101)
4(142 184 185 143)
4(184 226 227 185)
4(226 268 269 227)
4(268 310 311 269)
4(310 352 353 311)
4(352 394 395 353)
4(394 436 437 395)
4(17 59 60 18)
4(59 101 102 60)
4(101 143 144 102)
4(143 185 186 144)
4(185 227 228 186)
4(227 269 270 228)
4(269 311 312 270)
4(311 353 354 312)
4(353 395 396 354)
4(395 437 438 396)
4(18 60 61 19)
4(60 102 103 61)
4(102 144 145 103)
4(144 186 187 145)
4(186 228 229 187)
4(228 270 271 229)
4(270 312 313 271)
4(312 354 355 313)
4(354 396 397 355)
4(396 438 439 397)
4(19 61 62 20)
4(61 103 104 62)
4(103 145 146 104)
4(145 187 188 146)
4(187 229 230 188)
4(229 271 272 230)
4(271 313 314 272)
4(313 355 356 314)
4(355 397 398 356)
4(397 439 440 398)
4(20 62 63 21)
4(62 104 105 63)
4(104 146 147 105)
4(146 188 189 147)
4(188 230 231 189)
4(230 272 273 231)
4(272 314 315 273)
4(314 356 357 315)
4(356 398 399 357)
4(398 440 441 399)
4(21 63 64 22)
4(63 105 106 64)
4(105 147 148 106)
4(147 189 190 148)
4(189 231 232 190)
4(231 273 274 232)
4(273 315 316 274)
4(315 357 358 316)
4(357 399 400 358)
4(399 441 442 400)
4(22 64 65 23)
4(64 106 107 65)
4(106 148 149 107)
4(148 190 191 149)
4(190 232 233 191)
4(232 274 275 233)
4(274 316 317 275)
4(316 358 359 317)
4(358 400 401 359)
4(400 442 443 401)
4(23 65 66 24)
4(65 107 108 66)
4(107 149 150 108)
4(149 191 192 150)
4(191 233 234 192)
4(233 275 276 234)
4(275 317 318 276)
4(317 359 360 318)
4(359 401 402 360)
4(401 443 444 402)
4(24 66 67 25)
4(66 108 109 67)
4(108 150 151 109)
4(150 192 193 151)
4(192 234 235 193)
4(234 276 277 235)
4(276 318 319 277)
4(318 360 361 319)
4(360 402 403 361)
4(402 444 445 403)
4(25 67 68 26)
4(67 109 110 68)
4(109 151 152 110)
4(151 193 194 152)
4(193 235 236 194)
4(235 277 278 236)
4(277 319 320 278)
4(319 361 362 320)
4(361 403 404 362)
4(403 445 446 404)
4(26 68 69 27)
4(68 110 111 69)
4(110 152 153 111)
4(152 194 195 153)
4(194 236 237 195)
4(236 278 279 237)
4(278 320 321 279)
4(320 362 363 321)
4(362 404 405 363)
4(404 446 447 405)
4(27 69 70 28)
4(69 111 112 70)
4(111 153 154 112)
4(153 195 196 154)
4(195 237 238 196)
4(237 279 280 238)
4(279 321 322 280)
4(321 363 364 322)
4(363 405 406 364)
4(405 447 448 406)
4(28 70 71 29)
4(70 112 113 71)
4(112 154 155 113)
4(154 196 197 155)
4(196 238 239 197)
4(238 280 281 239)
4(280 322 323 281)
4(322 364 365 323)
4(364 406 407 365)
4(406 448 449 407)
4(29 71 72 30)
4(71 113 114 72)
4(113 155 156 114)
4(155 197 198 156)
4(197 239 240 198)
4(239 281 282 240)
4(281 323 324 282)
4(323 365 366 324)
4(365 407 408 366)
4(407 449 450 408)
4(30 72 73 31)
4(72 114 115 73)
4(114 156 157 115)
4(156 198 199 157)
4(198 240 241 199)
4(240 282 283 241)
4(282 324 325 283)
4(324 366 367 325)
4(366 408 409 367)
4(408 450 451 409)
4(31 73 74 32)
4(73 115 116 74)
4(115 157 158 116)
4(157 199 200 158)
4(199 241 242 200)
4(241 283 284 242)
4(283 325 326 284)
4(325 367 368 326)
4(367 409 410 368)
4(409 451 452 410)
4(32 74 75 33)
4(74 116 117 75)
4(116 158 159 117)
4(158 200 201 159)
4(200 242 243 201)
4(242 284 285 243)
4(284 326 327 285)
4(326 368 369 327)
4(368 410 411 369)
4(410 452 453 411)
4(33 75 76 34)
4(75 117 118 76)
4(117 159 160 118)
4(159 201 202 160)
4(201 243 244 202)
4(243 285 286 244)
4(285 327 328 286)
4(327 369 370 328)
4(369 411 412 370)
4(411 453 454 412)
4(34 76 77 35)
4(76 118 119 77)
4(118 160 161 119)
4(160 202 203 161)
4(202 244 245 203)
4(244 286 287 245)
4(286 328 329 287)
4(328 370 371 329)
4(370 412 413 371)
4(412 454 455 413)
4(35 77 78 36)
4(77 119 120 78)
4(119 161 162 120)
4(161 203 204 162)
4(203 245 246 204)
4(245 287 288 246)
4(287 329 330 288)
4(329 371 372 330)
4(371 413 414 372)
4(413 455 456 414)
4(36 78 79 37)
4(78 120 121 79)
4(120 162 163 121)
4(162 204 205 163)
4(204 246 247 205)
4(246 288 289 247)
4(288 330 331 289)
4(330 372 373 331)
4(372 414 415 373)
4(414 456 457 415)
4(37 79 80 38)
4(79 121 122 80)
4(121 163 164 122)
4(163 205 206 164)
4(205 247 248 206)
4(247 289 290 248)
4(289 331 332 290)
4(331 373 374 332)
4(373 415 416 374)
4(415 457 458 416)
4(38 80 81 39)
4(80 122 123 81)
4(122 164 165 123)
4(164 206 207 165)
4(206 248 249 207)
4(248 290 291 249)
4(290 332 333 291)
4(332 374 375 333)
4(374 416 417 375)
4(416 458 459 417)
4(39 81 82 40)
4(81 123 124 82)
4(123 165 166 124)
4(165 207 208 166)
4(207 249 250 208)
4(249 291 292 250)
4(291 333 334 292)
4(333 375 376 334)
4(375 417 418 376)
4(417 459 460 418)
4(40 82 83 41)
4(82 124 125 83)
4(124 166 167 125)
4(166 208 209 167)
4(208 250 251 209)
4(250 292 293 251)
4(292 334 335 293)
4(334 376 377 335)
4(376 418 419 377)
4(418 460 461 419)
4(462 463 505 504)
4(504 505 547 546)
4(546 547 589 588)
4(588 589 631 630)
4(630 631 673 672)
4(672 673 715 714)
4(714 715 757 756)
4(756 757 799 798)
4(798 799 841 840)
4(840 841 883 882)
4(463 464 506 505)
4(505 506 548 547)
4(547 548 590 589)
4(589 590 632 631)
4(631 632 674 673)
4(673 674 716 715)
4(715 716 758 757)
4(757 758 800 799)
4(799 800 842 841)
4(841 842 884 883)
4(464 465 507 506)
4(506 507 549 548)
4(548 549 591 590)
4(590 591 633 632)
4(632 633 675 674)
4(674 675 717 716)
4(716 717 759 758)
4(758 759 801 800)
4(800 801 843 842)
4(842 843 885 884)
4(465 466 508 507)
4(507 508 550 549)
4(549 550 592 591)
4(591 592 634 633)
4(633 634 676 675)
4(675 676 718 717)
4(717 718 760 759)
4(759 760 802 801)
4(801 802 844 843)
4(843 844 886 885)
4(466 467 509 508)
4(508 509 551 550)
4(550 551 593 592)
4(592 593 635 634)
4(634 635 677 676)
4(676 677 719 718)
4(718 719 761 760)
4(760 761 803 802)
4(802 803 845 844)
4(844 845 887 886)
4(467 468 510 509)
4(509 510 552 551)
4(551 552 594 593)
4(593 594 636 635)
4(635 636 678 677)
4(677 678 720 719)
4(719 720 762 761)
4(761 762 804 803)
4(803 804 846 845)
4(845 846 888 887)
4(468 469 511 510)
4(510 511 553 552)
4(552 553 595 594)
4(594 595 637 636)
4(636 637 679 678)
4(678 679 721 720)
4(720 721 763 762)
4(762 763 805 804)
4(804 805 847 846)
4(846 847 889 888)
4(469 470 512 511)
4(511 512 554 553)
4(553 554 596 595)
4(595 596 638 637)
4(637 638 680 679)
4(679 680 722 721)
4(721 722 764 763)
4(763 764 806 805)
4(805 806 848 847)
4(847 848 890 889)
4(470 471 513 512)
4(512 513 555 554)
4(554 555 597 596)
4(596 597 639 638)
4(638 639 681 680)
4(680 681 723 722)
4(722 723 765 764)
4(764 765 807 806)
4(806 807 849 848)
4(848 849 891 890)
4(471 472 514 513)
4(513 514 556 555)
4(555 556 598 597)
4(597 598 640 639)
4(639 640 682 681)
4(681 682 724 723)
4(723 724 766 765)
4(765 766 808 807)
4(807 808 850 849)
4(849 850 892 891)
4(472 473 515 514)
4(514 515 557 556)
4(556 557 599 598)
4(598 599 641 640)
4(640 641 683 682)
4(682 683 725 724)
4(724 725 767 766)
4(766 767 809 808)
4(808 809 851 850)
4(850 851 893 892)
4(473 474 516 515)
4(515 516 558 557)
4(557 558 600 599)
4(599 600 642 641)
4(641 642 684 683)
4(683 684 726 725)
4(725 726 768 767)
4(767 768 810 809)
4(809 810 852 851)
4(851 852 894 893)
4(474 475 517 516)
4(516 517 559 558)
4(558 559 601 600)
4(600 601 643 642)
4(642 643 685 684)
4(684 685 727 726)
4(726 727 769 768)
4(768 769 811 810)
4(810 811 853 852)
4(852 853 895 894)
4(475 476 518 517)
4(517 518 560 559)
4(559 560 602 601)
4(601 602 644 643)
4(643 644 686 685)
4(685 686 728 727)
4(727 728 770 769)
4(769 770 812 811)
4(811 812 854 853)
4(853 854 896 895)
4(476 477 519 518)
4(518 519 561 560)
4(560 561 603 602)
4(602 603 645 644)
4(644 645 687 686)
4(686 687 729 728)
4(728 729 771 770)
4(770 771 813 812)
4(812 813 855 854)
4(854 855 897 896)
4(477 478 520 519)
4(519 520 562 561)
4(561 562 604 603)
4(603 604 646 645)
4(645 646 688 687)
4(687 688 730 729)
4(729 730 772 771)
4(771 772 814 813)
4(813 814 856 855)
4(855 856 898 897)
4(478 479 521 520)
4(520 521 563 562)
4(562 563 605 604)
4(604 605 647 646)
4(646 647 689 688)
4(688 689 731 730)
4(730 731 773 772)
4(772 773 815 814)
4(814 815 857 856)
4(856 857 899 898)
4(479 480 522 521)
4(521 522 564 563)
4(563 564 606 605)
4(605 606 648 647)
4(647 648 690 689)
4(689 690 732 731)
4(731 732 774 773)
4(773 774 816 815)
4(815 816 858 857)
4(857 858 900 899)
4(480 481 523 522)
4(522 523 565 564)
4(564 565 607 606)
4(606 607 649 648)
4(648 649 691 690)
4(690 691 733 732)
4(732 733 775 774)
4(774 775 817 816)
4(816 817 859 858)
4(858 859 901 900)
4(481 482 524 523)
4(523 524 566 565)
4(565 566 608 607)
4(607 608 650 649)
4(649 650 692 691)
4(691 692 734 733)
4(733 734 776 775)
4(775 776 818 817)
4(817 818 860 859)
4(859 860 902 901)
4(482 483 525 524)
4(524 525 567 566)
4(566 567 609 608)
4(608 609 651 650)
4(650 651 693 692)
4(692 693 735 734)
4(734 735 777 776)
4(776 777 819 818)
4(818 819 861 860)
4(860 861 903 902)
4(483 484 526 525)
4(525 526 568 567)
4(567 568 610 609)
4(609 610 652 651)
4(651 652 694 693)
4(693 694 736 735)
4(735 736 778 777)
4(777 778 820 819)
4(819 820 862 861)
4(861 862 904 903)
4(484 485 527 526)
4(526 527 569 568)
4(568 569 611 610)
4(610 611 653 652)
4(652 653 695 694)
4(694 695 737 736)
4(736 737 779 778)
4(778 779 821 820)
4(820 821 863 862)
4(862 863 905 904)
4(485 486 528 527)
4(527 528 570 569)
4(569 570 612 611)
4(611 612 654 653)
4(653 654 696 695)
4(695 696 738 737)
4(737 738 780 779)
4(779 780 822 821)
4(821 822 864 863)
4(863 864 906 905)
4(486 487 529 528)
4(528 529 571 570)
4(570 571 613 612)
4(612 613 655 654)
4(654 655 697 696)
4(696 697 739 738)
4(738 739 781 780)
4(780 781 823 822)
4(822 823 865 864)
4(864 865 907 906)
4(487 488 530 529)
4(529 530 572 571)
4(571 572 614 613)
4(613 614 656 655)
4(655 656 698 697)
4(697 698 740 739)
4(739 740 782 781)
4(781 782 824 823)
4(823 824 866 865)
4(865 866 908 907)
4(488 489 531 530)
4(530 531 573 572)
4(572 573 615 614)
4(614 615 657 656)
4(656 657 699 698)
4(698 699 741 740)
4(740 741 783 782)
4(782 783 825 824)
4(824 825 867 866)
4(866 867 909 908)
4(489 490 532 531)
4(531 532 574 573)
4(573 574 616 615)
4(615 616 658 657)
4(657 658 700 699)
4(699 700 742 741)
4(741 742 784 783)
4(783 784 826 825)
4(825 826 868 867)
4(867 868 910 909)
4(490 491 533 532)
4(532 533 575 574)
4(574 575 617 616)
4(616 617 659 658)
4(658 659 701 700)
4(700 701 743 742)
4(742 743 785 784)
4(784 785 827 826)
4(826 827 869 868)
4(868 869 911 910)
4(491 492 534 533)
4(533 534 576 575)
4(575 576 618 617)
4(617 618 660 659)
4(659 660 702 701)
4(701 702 744 743)
4(743 744 786 785)
4(785 786 828 827)
4(827 828 870 869)
4(869 870 912 911)
4(492 493 535 534)
4(534 535 577 576)
4(576 577 619 618)
4(618 619 661 660)
4(660 661 703 702)
4(702 703 745 744)
4(744 745 787 786)
4(786 787 829 828)
4(828 829 871 870)
4(870 871 913 912)
4(493 494 536 535)
4(535 536 578 577)
4(577 578 620 619)
4(619 620 662 661)
4(661 662 704 703)
4(703 704 746 745)
4(745 746 788 787)
4(787 788 830 829)
4(829 830 872 871)
4(871 872 914 913)
4(494 495 537 536)
4(536 537 579 578)
4(578 579 621 620)
4(620 621 663 662)
4(662 663 705 704)
4(704 705 747 746)
4(746 747 789 788)
4(788 789 831 830)
4(830 831 873 872)
4(872 873 915 914)
4(495 496 538 537)
4(537 538 580 579)
4(579 580 622 621)
4(621 622 664 663)
4(663 664 706 705)
4(705 706 748 747)
4(747 748 790 789)
4(789 790 832 831)
4(831 832 874 873)
4(873 874 916 915)
4(496 497 539 538)
4(538 539 581 580)
4(580 581 623 622)
4(622 623 665 664)
4(664 665 707 706)
4(706 707 749 748)
4(748 749 791 790)
4(790 791 833 832)
4(832 833 875 874)
4(874 875 917 916)
4(497 498 540 539)
4(539 540 582 581)
4(581 582 624 623)
4(623 624 666 665)
4(665 666 708 707)
4(707 708 750 749)
4(749 750 792 791)
4(791 792 834 833)
4(833 834 876 875)
4(875 876 918 917)
4(498 499 541 540)
4(540 541 583 582)
4(582 583 625 624)
4(624 625 667 666)
4(666 667 709 708)
4(708 709 751 750)
4(750 751 793 792)
4(792 793 835 834)
4(834 835 877 876)
4(876 877 919 918)
4(499 500 542 541)
4(541 542 584 583)
4(583 584 626 625)
4(625 626 668 667)
4(667 668 710 709)
4(709 710 752 751)
4(751 752 794 793)
4(793 794 836 835)
4(835 836 878 877)
4(877 878 920 919)
4(500 501 543 542)
4(542 543 585 584)
4(584 585 627 626)
4(626 627 669 668)
4(668 669 711 710)
4(710 711 753 752)
4(752 753 795 794)
4(794 795 837 836)
4(836 837 879 878)
4(878 879 921 920)
4(501 502 544 543)
4(543 544 586 585)
4(585 586 628 627)
4(627 628 670 669)
4(669 670 712 711)
4(711 712 754 753)
4(753 754 796 795)
4(795 796 838 837)
4(837 838 880 879)
4(879 880 922 921)
4(502 503 545 544)
4(544 545 587 586)
4(586 587 629 628)
4(628 629 671 670)
4(670 671 713 712)
4(712 713 755 754)
4(754 755 797 796)
4(796 797 839 838)
4(838 839 881 880)
4(880 881 923 922)
)


// ************************************************************************* //
