/*--------------------------------*- C++ -*----------------------------------*\
  =========                 |
  \\      /  F ield         | OpenFOAM: The Open Source CFD Toolbox
   \\    /   O peration     | Website:  https://openfoam.org
    \\  /    A nd           | Version:  10
     \\/     M anipulation  |
\*---------------------------------------------------------------------------*/
FoamFile
{
    format      ascii;
    class       vectorField;
    location    "constant/polyMesh";
    object      points;
}
// * * * * * * * * * * * * * * * * * * * * * * * * * * * * * * * * * * * * * //


462
(
(-0.15242 0 -0.005)
(-0.129559 0 -0.005)
(-0.106698 0 -0.005)
(-0.083837 0 -0.005)
(-0.060976 0 -0.005)
(-0.038115 0 -0.005)
(-0.015254 0 -0.005)
(0.007607 0 -0.005)
(0.030468 0 -0.005)
(0.053329 0 -0.005)
(0.07619 0 -0.005)
(0.099051 0 -0.005)
(0.121912 0 -0.005)
(0.144773 0 -0.005)
(0.167634 0 -0.005)
(0.190495 0 -0.005)
(0.213356 0 -0.005)
(0.236217 0 -0.005)
(0.259078 0 -0.005)
(0.281939 0 -0.005)
(0.3048 0 -0.005)
(-0.15242 0.01524 -0.005)
(-0.129559 0.01524 -0.005)
(-0.106698 0.01524 -0.005)
(-0.083837 0.01524 -0.005)
(-0.060976 0.01524 -0.005)
(-0.038115 0.01524 -0.005)
(-0.015254 0.01524 -0.005)
(0.007607 0.01524 -0.005)
(0.030468 0.01524 -0.005)
(0.053329 0.01524 -0.005)
(0.07619 0.01524 -0.005)
(0.099051 0.01524 -0.005)
(0.121912 0.01524 -0.005)
(0.144773 0.01524 -0.005)
(0.167634 0.01524 -0.005)
(0.190495 0.01524 -0.005)
(0.213356 0.01524 -0.005)
(0.236217 0.01524 -0.005)
(0.259078 0.01524 -0.005)
(0.281939 0.01524 -0.005)
(0.3048 0.01524 -0.005)
(-0.15242 0.03048 -0.005)
(-0.129559 0.03048 -0.005)
(-0.106698 0.03048 -0.005)
(-0.083837 0.03048 -0.005)
(-0.060976 0.03048 -0.005)
(-0.038115 0.03048 -0.005)
(-0.015254 0.03048 -0.005)
(0.007607 0.03048 -0.005)
(0.030468 0.03048 -0.005)
(0.053329 0.03048 -0.005)
(0.07619 0.03048 -0.005)
(0.099051 0.03048 -0.005)
(0.121912 0.03048 -0.005)
(0.144773 0.03048 -0.005)
(0.167634 0.03048 -0.005)
(0.190495 0.03048 -0.005)
(0.213356 0.03048 -0.005)
(0.236217 0.03048 -0.005)
(0.259078 0.03048 -0.005)
(0.281939 0.03048 -0.005)
(0.3048 0.03048 -0.005)
(-0.15242 0.04572 -0.005)
(-0.129559 0.04572 -0.005)
(-0.106698 0.04572 -0.005)
(-0.083837 0.04572 -0.005)
(-0.060976 0.04572 -0.005)
(-0.038115 0.04572 -0.005)
(-0.015254 0.04572 -0.005)
(0.007607 0.04572 -0.005)
(0.030468 0.04572 -0.005)
(0.053329 0.04572 -0.005)
(0.07619 0.04572 -0.005)
(0.099051 0.04572 -0.005)
(0.121912 0.04572 -0.005)
(0.144773 0.04572 -0.005)
(0.167634 0.04572 -0.005)
(0.190495 0.04572 -0.005)
(0.213356 0.04572 -0.005)
(0.236217 0.04572 -0.005)
(0.259078 0.04572 -0.005)
(0.281939 0.04572 -0.005)
(0.3048 0.04572 -0.005)
(-0.15242 0.06096 -0.005)
(-0.129559 0.06096 -0.005)
(-0.106698 0.06096 -0.005)
(-0.083837 0.06096 -0.005)
(-0.060976 0.06096 -0.005)
(-0.038115 0.06096 -0.005)
(-0.015254 0.06096 -0.005)
(0.007607 0.06096 -0.005)
(0.030468 0.06096 -0.005)
(0.053329 0.06096 -0.005)
(0.07619 0.06096 -0.005)
(0.099051 0.06096 -0.005)
(0.121912 0.06096 -0.005)
(0.144773 0.06096 -0.005)
(0.167634 0.06096 -0.005)
(0.190495 0.06096 -0.005)
(0.213356 0.06096 -0.005)
(0.236217 0.06096 -0.005)
(0.259078 0.06096 -0.005)
(0.281939 0.06096 -0.005)
(0.3048 0.06096 -0.005)
(-0.15242 0.0762 -0.005)
(-0.129559 0.0762 -0.005)
(-0.106698 0.0762 -0.005)
(-0.083837 0.0762 -0.005)
(-0.060976 0.0762 -0.005)
(-0.038115 0.0762 -0.005)
(-0.015254 0.0762 -0.005)
(0.007607 0.0762 -0.005)
(0.030468 0.0762 -0.005)
(0.053329 0.0762 -0.005)
(0.07619 0.0762 -0.005)
(0.099051 0.0762 -0.005)
(0.121912 0.0762 -0.005)
(0.144773 0.0762 -0.005)
(0.167634 0.0762 -0.005)
(0.190495 0.0762 -0.005)
(0.213356 0.0762 -0.005)
(0.236217 0.0762 -0.005)
(0.259078 0.0762 -0.005)
(0.281939 0.0762 -0.005)
(0.3048 0.0762 -0.005)
(-0.15242 0.09144 -0.005)
(-0.129559 0.09144 -0.005)
(-0.106698 0.09144 -0.005)
(-0.083837 0.09144 -0.005)
(-0.060976 0.09144 -0.005)
(-0.038115 0.09144 -0.005)
(-0.015254 0.09144 -0.005)
(0.007607 0.09144 -0.005)
(0.030468 0.09144 -0.005)
(0.053329 0.09144 -0.005)
(0.07619 0.09144 -0.005)
(0.099051 0.09144 -0.005)
(0.121912 0.09144 -0.005)
(0.144773 0.09144 -0.005)
(0.167634 0.09144 -0.005)
(0.190495 0.09144 -0.005)
(0.213356 0.09144 -0.005)
(0.236217 0.09144 -0.005)
(0.259078 0.09144 -0.005)
(0.281939 0.09144 -0.005)
(0.3048 0.09144 -0.005)
(-0.15242 0.10668 -0.005)
(-0.129559 0.10668 -0.005)
(-0.106698 0.10668 -0.005)
(-0.083837 0.10668 -0.005)
(-0.060976 0.10668 -0.005)
(-0.038115 0.10668 -0.005)
(-0.015254 0.10668 -0.005)
(0.007607 0.10668 -0.005)
(0.030468 0.10668 -0.005)
(0.053329 0.10668 -0.005)
(0.07619 0.10668 -0.005)
(0.099051 0.10668 -0.005)
(0.121912 0.10668 -0.005)
(0.144773 0.10668 -0.005)
(0.167634 0.10668 -0.005)
(0.190495 0.10668 -0.005)
(0.213356 0.10668 -0.005)
(0.236217 0.10668 -0.005)
(0.259078 0.10668 -0.005)
(0.281939 0.10668 -0.005)
(0.3048 0.10668 -0.005)
(-0.15242 0.12192 -0.005)
(-0.129559 0.12192 -0.005)
(-0.106698 0.12192 -0.005)
(-0.083837 0.12192 -0.005)
(-0.060976 0.12192 -0.005)
(-0.038115 0.12192 -0.005)
(-0.015254 0.12192 -0.005)
(0.007607 0.12192 -0.005)
(0.030468 0.12192 -0.005)
(0.053329 0.12192 -0.005)
(0.07619 0.12192 -0.005)
(0.099051 0.12192 -0.005)
(0.121912 0.12192 -0.005)
(0.144773 0.12192 -0.005)
(0.167634 0.12192 -0.005)
(0.190495 0.12192 -0.005)
(0.213356 0.12192 -0.005)
(0.236217 0.12192 -0.005)
(0.259078 0.12192 -0.005)
(0.281939 0.12192 -0.005)
(0.3048 0.12192 -0.005)
(-0.15242 0.13716 -0.005)
(-0.129559 0.13716 -0.005)
(-0.106698 0.13716 -0.005)
(-0.083837 0.13716 -0.005)
(-0.060976 0.13716 -0.005)
(-0.038115 0.13716 -0.005)
(-0.015254 0.13716 -0.005)
(0.007607 0.13716 -0.005)
(0.030468 0.13716 -0.005)
(0.053329 0.13716 -0.005)
(0.07619 0.13716 -0.005)
(0.099051 0.13716 -0.005)
(0.121912 0.13716 -0.005)
(0.144773 0.13716 -0.005)
(0.167634 0.13716 -0.005)
(0.190495 0.13716 -0.005)
(0.213356 0.13716 -0.005)
(0.236217 0.13716 -0.005)
(0.259078 0.13716 -0.005)
(0.281939 0.13716 -0.005)
(0.3048 0.13716 -0.005)
(-0.15242 0.1524 -0.005)
(-0.129559 0.1524 -0.005)
(-0.106698 0.1524 -0.005)
(-0.083837 0.1524 -0.005)
(-0.060976 0.1524 -0.005)
(-0.038115 0.1524 -0.005)
(-0.015254 0.1524 -0.005)
(0.007607 0.1524 -0.005)
(0.030468 0.1524 -0.005)
(0.053329 0.1524 -0.005)
(0.07619 0.1524 -0.005)
(0.099051 0.1524 -0.005)
(0.121912 0.1524 -0.005)
(0.144773 0.1524 -0.005)
(0.167634 0.1524 -0.005)
(0.190495 0.1524 -0.005)
(0.213356 0.1524 -0.005)
(0.236217 0.1524 -0.005)
(0.259078 0.1524 -0.005)
(0.281939 0.1524 -0.005)
(0.3048 0.1524 -0.005)
(-0.15242 0 0.005)
(-0.129559 0 0.005)
(-0.106698 0 0.005)
(-0.083837 0 0.005)
(-0.060976 0 0.005)
(-0.038115 0 0.005)
(-0.015254 0 0.005)
(0.007607 0 0.005)
(0.030468 0 0.005)
(0.053329 0 0.005)
(0.07619 0 0.005)
(0.099051 0 0.005)
(0.121912 0 0.005)
(0.144773 0 0.005)
(0.167634 0 0.005)
(0.190495 0 0.005)
(0.213356 0 0.005)
(0.236217 0 0.005)
(0.259078 0 0.005)
(0.281939 0 0.005)
(0.3048 0 0.005)
(-0.15242 0.01524 0.005)
(-0.129559 0.01524 0.005)
(-0.106698 0.01524 0.005)
(-0.083837 0.01524 0.005)
(-0.060976 0.01524 0.005)
(-0.038115 0.01524 0.005)
(-0.015254 0.01524 0.005)
(0.007607 0.01524 0.005)
(0.030468 0.01524 0.005)
(0.053329 0.01524 0.005)
(0.07619 0.01524 0.005)
(0.099051 0.01524 0.005)
(0.121912 0.01524 0.005)
(0.144773 0.01524 0.005)
(0.167634 0.01524 0.005)
(0.190495 0.01524 0.005)
(0.213356 0.01524 0.005)
(0.236217 0.01524 0.005)
(0.259078 0.01524 0.005)
(0.281939 0.01524 0.005)
(0.3048 0.01524 0.005)
(-0.15242 0.03048 0.005)
(-0.129559 0.03048 0.005)
(-0.106698 0.03048 0.005)
(-0.083837 0.03048 0.005)
(-0.060976 0.03048 0.005)
(-0.038115 0.03048 0.005)
(-0.015254 0.03048 0.005)
(0.007607 0.03048 0.005)
(0.030468 0.03048 0.005)
(0.053329 0.03048 0.005)
(0.07619 0.03048 0.005)
(0.099051 0.03048 0.005)
(0.121912 0.03048 0.005)
(0.144773 0.03048 0.005)
(0.167634 0.03048 0.005)
(0.190495 0.03048 0.005)
(0.213356 0.03048 0.005)
(0.236217 0.03048 0.005)
(0.259078 0.03048 0.005)
(0.281939 0.03048 0.005)
(0.3048 0.03048 0.005)
(-0.15242 0.04572 0.005)
(-0.129559 0.04572 0.005)
(-0.106698 0.04572 0.005)
(-0.083837 0.04572 0.005)
(-0.060976 0.04572 0.005)
(-0.038115 0.04572 0.005)
(-0.015254 0.04572 0.005)
(0.007607 0.04572 0.005)
(0.030468 0.04572 0.005)
(0.053329 0.04572 0.005)
(0.07619 0.04572 0.005)
(0.099051 0.04572 0.005)
(0.121912 0.04572 0.005)
(0.144773 0.04572 0.005)
(0.167634 0.04572 0.005)
(0.190495 0.04572 0.005)
(0.213356 0.04572 0.005)
(0.236217 0.04572 0.005)
(0.259078 0.04572 0.005)
(0.281939 0.04572 0.005)
(0.3048 0.04572 0.005)
(-0.15242 0.06096 0.005)
(-0.129559 0.06096 0.005)
(-0.106698 0.06096 0.005)
(-0.083837 0.06096 0.005)
(-0.060976 0.06096 0.005)
(-0.038115 0.06096 0.005)
(-0.015254 0.06096 0.005)
(0.007607 0.06096 0.005)
(0.030468 0.06096 0.005)
(0.053329 0.06096 0.005)
(0.07619 0.06096 0.005)
(0.099051 0.06096 0.005)
(0.121912 0.06096 0.005)
(0.144773 0.06096 0.005)
(0.167634 0.06096 0.005)
(0.190495 0.06096 0.005)
(0.213356 0.06096 0.005)
(0.236217 0.06096 0.005)
(0.259078 0.06096 0.005)
(0.281939 0.06096 0.005)
(0.3048 0.06096 0.005)
(-0.15242 0.0762 0.005)
(-0.129559 0.0762 0.005)
(-0.106698 0.0762 0.005)
(-0.083837 0.0762 0.005)
(-0.060976 0.0762 0.005)
(-0.038115 0.0762 0.005)
(-0.015254 0.0762 0.005)
(0.007607 0.0762 0.005)
(0.030468 0.0762 0.005)
(0.053329 0.0762 0.005)
(0.07619 0.0762 0.005)
(0.099051 0.0762 0.005)
(0.121912 0.0762 0.005)
(0.144773 0.0762 0.005)
(0.167634 0.0762 0.005)
(0.190495 0.0762 0.005)
(0.213356 0.0762 0.005)
(0.236217 0.0762 0.005)
(0.259078 0.0762 0.005)
(0.281939 0.0762 0.005)
(0.3048 0.0762 0.005)
(-0.15242 0.09144 0.005)
(-0.129559 0.09144 0.005)
(-0.106698 0.09144 0.005)
(-0.083837 0.09144 0.005)
(-0.060976 0.09144 0.005)
(-0.038115 0.09144 0.005)
(-0.015254 0.09144 0.005)
(0.007607 0.09144 0.005)
(0.030468 0.09144 0.005)
(0.053329 0.09144 0.005)
(0.07619 0.09144 0.005)
(0.099051 0.09144 0.005)
(0.121912 0.09144 0.005)
(0.144773 0.09144 0.005)
(0.167634 0.09144 0.005)
(0.190495 0.09144 0.005)
(0.213356 0.09144 0.005)
(0.236217 0.09144 0.005)
(0.259078 0.09144 0.005)
(0.281939 0.09144 0.005)
(0.3048 0.09144 0.005)
(-0.15242 0.10668 0.005)
(-0.129559 0.10668 0.005)
(-0.106698 0.10668 0.005)
(-0.083837 0.10668 0.005)
(-0.060976 0.10668 0.005)
(-0.038115 0.10668 0.005)
(-0.015254 0.10668 0.005)
(0.007607 0.10668 0.005)
(0.030468 0.10668 0.005)
(0.053329 0.10668 0.005)
(0.07619 0.10668 0.005)
(0.099051 0.10668 0.005)
(0.121912 0.10668 0.005)
(0.144773 0.10668 0.005)
(0.167634 0.10668 0.005)
(0.190495 0.10668 0.005)
(0.213356 0.10668 0.005)
(0.236217 0.10668 0.005)
(0.259078 0.10668 0.005)
(0.281939 0.10668 0.005)
(0.3048 0.10668 0.005)
(-0.15242 0.12192 0.005)
(-0.129559 0.12192 0.005)
(-0.106698 0.12192 0.005)
(-0.083837 0.12192 0.005)
(-0.060976 0.12192 0.005)
(-0.038115 0.12192 0.005)
(-0.015254 0.12192 0.005)
(0.007607 0.12192 0.005)
(0.030468 0.12192 0.005)
(0.053329 0.12192 0.005)
(0.07619 0.12192 0.005)
(0.099051 0.12192 0.005)
(0.121912 0.12192 0.005)
(0.144773 0.12192 0.005)
(0.167634 0.12192 0.005)
(0.190495 0.12192 0.005)
(0.213356 0.12192 0.005)
(0.236217 0.12192 0.005)
(0.259078 0.12192 0.005)
(0.281939 0.12192 0.005)
(0.3048 0.12192 0.005)
(-0.15242 0.13716 0.005)
(-0.129559 0.13716 0.005)
(-0.106698 0.13716 0.005)
(-0.083837 0.13716 0.005)
(-0.060976 0.13716 0.005)
(-0.038115 0.13716 0.005)
(-0.015254 0.13716 0.005)
(0.007607 0.13716 0.005)
(0.030468 0.13716 0.005)
(0.053329 0.13716 0.005)
(0.07619 0.13716 0.005)
(0.099051 0.13716 0.005)
(0.121912 0.13716 0.005)
(0.144773 0.13716 0.005)
(0.167634 0.13716 0.005)
(0.190495 0.13716 0.005)
(0.213356 0.13716 0.005)
(0.236217 0.13716 0.005)
(0.259078 0.13716 0.005)
(0.281939 0.13716 0.005)
(0.3048 0.13716 0.005)
(-0.15242 0.1524 0.005)
(-0.129559 0.1524 0.005)
(-0.106698 0.1524 0.005)
(-0.083837 0.1524 0.005)
(-0.060976 0.1524 0.005)
(-0.038115 0.1524 0.005)
(-0.015254 0.1524 0.005)
(0.007607 0.1524 0.005)
(0.030468 0.1524 0.005)
(0.053329 0.1524 0.005)
(0.07619 0.1524 0.005)
(0.099051 0.1524 0.005)
(0.121912 0.1524 0.005)
(0.144773 0.1524 0.005)
(0.167634 0.1524 0.005)
(0.190495 0.1524 0.005)
(0.213356 0.1524 0.005)
(0.236217 0.1524 0.005)
(0.259078 0.1524 0.005)
(0.281939 0.1524 0.005)
(0.3048 0.1524 0.005)
)


// ************************************************************************* //
