/*--------------------------------*- C++ -*----------------------------------*\
  =========                 |
  \\      /  F ield         | OpenFOAM: The Open Source CFD Toolbox
   \\    /   O peration     | Website:  https://openfoam.org
    \\  /    A nd           | Version:  10
     \\/     M anipulation  |
\*---------------------------------------------------------------------------*/
FoamFile
{
    format      ascii;
    class       vectorField;
    location    "constant/polyMesh";
    object      points;
}
// * * * * * * * * * * * * * * * * * * * * * * * * * * * * * * * * * * * * * //


462
(
(0 0 0)
(0.05 0 0)
(0.1 0 0)
(0.15 0 0)
(0.2 0 0)
(0.25 0 0)
(0.3 0 0)
(0.35 0 0)
(0.4 0 0)
(0.45 0 0)
(0.5 0 0)
(0.55 0 0)
(0.6 0 0)
(0.65 0 0)
(0.7 0 0)
(0.75 0 0)
(0.8 0 0)
(0.85 0 0)
(0.9 0 0)
(0.95 0 0)
(1 0 0)
(0 0.01 0)
(0.05 0.01 0)
(0.1 0.01 0)
(0.15 0.01 0)
(0.2 0.01 0)
(0.25 0.01 0)
(0.3 0.01 0)
(0.35 0.01 0)
(0.4 0.01 0)
(0.45 0.01 0)
(0.5 0.01 0)
(0.55 0.01 0)
(0.6 0.01 0)
(0.65 0.01 0)
(0.7 0.01 0)
(0.75 0.01 0)
(0.8 0.01 0)
(0.85 0.01 0)
(0.9 0.01 0)
(0.95 0.01 0)
(1 0.01 0)
(0 0.02 0)
(0.05 0.02 0)
(0.1 0.02 0)
(0.15 0.02 0)
(0.2 0.02 0)
(0.25 0.02 0)
(0.3 0.02 0)
(0.35 0.02 0)
(0.4 0.02 0)
(0.45 0.02 0)
(0.5 0.02 0)
(0.55 0.02 0)
(0.6 0.02 0)
(0.65 0.02 0)
(0.7 0.02 0)
(0.75 0.02 0)
(0.8 0.02 0)
(0.85 0.02 0)
(0.9 0.02 0)
(0.95 0.02 0)
(1 0.02 0)
(0 0.03 0)
(0.05 0.03 0)
(0.1 0.03 0)
(0.15 0.03 0)
(0.2 0.03 0)
(0.25 0.03 0)
(0.3 0.03 0)
(0.35 0.03 0)
(0.4 0.03 0)
(0.45 0.03 0)
(0.5 0.03 0)
(0.55 0.03 0)
(0.6 0.03 0)
(0.65 0.03 0)
(0.7 0.03 0)
(0.75 0.03 0)
(0.8 0.03 0)
(0.85 0.03 0)
(0.9 0.03 0)
(0.95 0.03 0)
(1 0.03 0)
(0 0.04 0)
(0.05 0.04 0)
(0.1 0.04 0)
(0.15 0.04 0)
(0.2 0.04 0)
(0.25 0.04 0)
(0.3 0.04 0)
(0.35 0.04 0)
(0.4 0.04 0)
(0.45 0.04 0)
(0.5 0.04 0)
(0.55 0.04 0)
(0.6 0.04 0)
(0.65 0.04 0)
(0.7 0.04 0)
(0.75 0.04 0)
(0.8 0.04 0)
(0.85 0.04 0)
(0.9 0.04 0)
(0.95 0.04 0)
(1 0.04 0)
(0 0.05 0)
(0.05 0.05 0)
(0.1 0.05 0)
(0.15 0.05 0)
(0.2 0.05 0)
(0.25 0.05 0)
(0.3 0.05 0)
(0.35 0.05 0)
(0.4 0.05 0)
(0.45 0.05 0)
(0.5 0.05 0)
(0.55 0.05 0)
(0.6 0.05 0)
(0.65 0.05 0)
(0.7 0.05 0)
(0.75 0.05 0)
(0.8 0.05 0)
(0.85 0.05 0)
(0.9 0.05 0)
(0.95 0.05 0)
(1 0.05 0)
(0 0.06 0)
(0.05 0.06 0)
(0.1 0.06 0)
(0.15 0.06 0)
(0.2 0.06 0)
(0.25 0.06 0)
(0.3 0.06 0)
(0.35 0.06 0)
(0.4 0.06 0)
(0.45 0.06 0)
(0.5 0.06 0)
(0.55 0.06 0)
(0.6 0.06 0)
(0.65 0.06 0)
(0.7 0.06 0)
(0.75 0.06 0)
(0.8 0.06 0)
(0.85 0.06 0)
(0.9 0.06 0)
(0.95 0.06 0)
(1 0.06 0)
(0 0.07 0)
(0.05 0.07 0)
(0.1 0.07 0)
(0.15 0.07 0)
(0.2 0.07 0)
(0.25 0.07 0)
(0.3 0.07 0)
(0.35 0.07 0)
(0.4 0.07 0)
(0.45 0.07 0)
(0.5 0.07 0)
(0.55 0.07 0)
(0.6 0.07 0)
(0.65 0.07 0)
(0.7 0.07 0)
(0.75 0.07 0)
(0.8 0.07 0)
(0.85 0.07 0)
(0.9 0.07 0)
(0.95 0.07 0)
(1 0.07 0)
(0 0.08 0)
(0.05 0.08 0)
(0.1 0.08 0)
(0.15 0.08 0)
(0.2 0.08 0)
(0.25 0.08 0)
(0.3 0.08 0)
(0.35 0.08 0)
(0.4 0.08 0)
(0.45 0.08 0)
(0.5 0.08 0)
(0.55 0.08 0)
(0.6 0.08 0)
(0.65 0.08 0)
(0.7 0.08 0)
(0.75 0.08 0)
(0.8 0.08 0)
(0.85 0.08 0)
(0.9 0.08 0)
(0.95 0.08 0)
(1 0.08 0)
(0 0.09 0)
(0.05 0.09 0)
(0.1 0.09 0)
(0.15 0.09 0)
(0.2 0.09 0)
(0.25 0.09 0)
(0.3 0.09 0)
(0.35 0.09 0)
(0.4 0.09 0)
(0.45 0.09 0)
(0.5 0.09 0)
(0.55 0.09 0)
(0.6 0.09 0)
(0.65 0.09 0)
(0.7 0.09 0)
(0.75 0.09 0)
(0.8 0.09 0)
(0.85 0.09 0)
(0.9 0.09 0)
(0.95 0.09 0)
(1 0.09 0)
(0 0.1 0)
(0.05 0.1 0)
(0.1 0.1 0)
(0.15 0.1 0)
(0.2 0.1 0)
(0.25 0.1 0)
(0.3 0.1 0)
(0.35 0.1 0)
(0.4 0.1 0)
(0.45 0.1 0)
(0.5 0.1 0)
(0.55 0.1 0)
(0.6 0.1 0)
(0.65 0.1 0)
(0.7 0.1 0)
(0.75 0.1 0)
(0.8 0.1 0)
(0.85 0.1 0)
(0.9 0.1 0)
(0.95 0.1 0)
(1 0.1 0)
(0 0.1 0.1)
(0.05 0.1 0.1)
(0.1 0.1 0.1)
(0.15 0.1 0.1)
(0.2 0.1 0.1)
(0.25 0.1 0.1)
(0.3 0.1 0.1)
(0.35 0.1 0.1)
(0.4 0.1 0.1)
(0.45 0.1 0.1)
(0.5 0.1 0.1)
(0.55 0.1 0.1)
(0.6 0.1 0.1)
(0.65 0.1 0.1)
(0.7 0.1 0.1)
(0.75 0.1 0.1)
(0.8 0.1 0.1)
(0.85 0.1 0.1)
(0.9 0.1 0.1)
(0.95 0.1 0.1)
(1 0.1 0.1)
(0 0.11 0.1)
(0.05 0.11 0.1)
(0.1 0.11 0.1)
(0.15 0.11 0.1)
(0.2 0.11 0.1)
(0.25 0.11 0.1)
(0.3 0.11 0.1)
(0.35 0.11 0.1)
(0.4 0.11 0.1)
(0.45 0.11 0.1)
(0.5 0.11 0.1)
(0.55 0.11 0.1)
(0.6 0.11 0.1)
(0.65 0.11 0.1)
(0.7 0.11 0.1)
(0.75 0.11 0.1)
(0.8 0.11 0.1)
(0.85 0.11 0.1)
(0.9 0.11 0.1)
(0.95 0.11 0.1)
(1 0.11 0.1)
(0 0.12 0.1)
(0.05 0.12 0.1)
(0.1 0.12 0.1)
(0.15 0.12 0.1)
(0.2 0.12 0.1)
(0.25 0.12 0.1)
(0.3 0.12 0.1)
(0.35 0.12 0.1)
(0.4 0.12 0.1)
(0.45 0.12 0.1)
(0.5 0.12 0.1)
(0.55 0.12 0.1)
(0.6 0.12 0.1)
(0.65 0.12 0.1)
(0.7 0.12 0.1)
(0.75 0.12 0.1)
(0.8 0.12 0.1)
(0.85 0.12 0.1)
(0.9 0.12 0.1)
(0.95 0.12 0.1)
(1 0.12 0.1)
(0 0.13 0.1)
(0.05 0.13 0.1)
(0.1 0.13 0.1)
(0.15 0.13 0.1)
(0.2 0.13 0.1)
(0.25 0.13 0.1)
(0.3 0.13 0.1)
(0.35 0.13 0.1)
(0.4 0.13 0.1)
(0.45 0.13 0.1)
(0.5 0.13 0.1)
(0.55 0.13 0.1)
(0.6 0.13 0.1)
(0.65 0.13 0.1)
(0.7 0.13 0.1)
(0.75 0.13 0.1)
(0.8 0.13 0.1)
(0.85 0.13 0.1)
(0.9 0.13 0.1)
(0.95 0.13 0.1)
(1 0.13 0.1)
(0 0.14 0.1)
(0.05 0.14 0.1)
(0.1 0.14 0.1)
(0.15 0.14 0.1)
(0.2 0.14 0.1)
(0.25 0.14 0.1)
(0.3 0.14 0.1)
(0.35 0.14 0.1)
(0.4 0.14 0.1)
(0.45 0.14 0.1)
(0.5 0.14 0.1)
(0.55 0.14 0.1)
(0.6 0.14 0.1)
(0.65 0.14 0.1)
(0.7 0.14 0.1)
(0.75 0.14 0.1)
(0.8 0.14 0.1)
(0.85 0.14 0.1)
(0.9 0.14 0.1)
(0.95 0.14 0.1)
(1 0.14 0.1)
(0 0.15 0.1)
(0.05 0.15 0.1)
(0.1 0.15 0.1)
(0.15 0.15 0.1)
(0.2 0.15 0.1)
(0.25 0.15 0.1)
(0.3 0.15 0.1)
(0.35 0.15 0.1)
(0.4 0.15 0.1)
(0.45 0.15 0.1)
(0.5 0.15 0.1)
(0.55 0.15 0.1)
(0.6 0.15 0.1)
(0.65 0.15 0.1)
(0.7 0.15 0.1)
(0.75 0.15 0.1)
(0.8 0.15 0.1)
(0.85 0.15 0.1)
(0.9 0.15 0.1)
(0.95 0.15 0.1)
(1 0.15 0.1)
(0 0.16 0.1)
(0.05 0.16 0.1)
(0.1 0.16 0.1)
(0.15 0.16 0.1)
(0.2 0.16 0.1)
(0.25 0.16 0.1)
(0.3 0.16 0.1)
(0.35 0.16 0.1)
(0.4 0.16 0.1)
(0.45 0.16 0.1)
(0.5 0.16 0.1)
(0.55 0.16 0.1)
(0.6 0.16 0.1)
(0.65 0.16 0.1)
(0.7 0.16 0.1)
(0.75 0.16 0.1)
(0.8 0.16 0.1)
(0.85 0.16 0.1)
(0.9 0.16 0.1)
(0.95 0.16 0.1)
(1 0.16 0.1)
(0 0.17 0.1)
(0.05 0.17 0.1)
(0.1 0.17 0.1)
(0.15 0.17 0.1)
(0.2 0.17 0.1)
(0.25 0.17 0.1)
(0.3 0.17 0.1)
(0.35 0.17 0.1)
(0.4 0.17 0.1)
(0.45 0.17 0.1)
(0.5 0.17 0.1)
(0.55 0.17 0.1)
(0.6 0.17 0.1)
(0.65 0.17 0.1)
(0.7 0.17 0.1)
(0.75 0.17 0.1)
(0.8 0.17 0.1)
(0.85 0.17 0.1)
(0.9 0.17 0.1)
(0.95 0.17 0.1)
(1 0.17 0.1)
(0 0.18 0.1)
(0.05 0.18 0.1)
(0.1 0.18 0.1)
(0.15 0.18 0.1)
(0.2 0.18 0.1)
(0.25 0.18 0.1)
(0.3 0.18 0.1)
(0.35 0.18 0.1)
(0.4 0.18 0.1)
(0.45 0.18 0.1)
(0.5 0.18 0.1)
(0.55 0.18 0.1)
(0.6 0.18 0.1)
(0.65 0.18 0.1)
(0.7 0.18 0.1)
(0.75 0.18 0.1)
(0.8 0.18 0.1)
(0.85 0.18 0.1)
(0.9 0.18 0.1)
(0.95 0.18 0.1)
(1 0.18 0.1)
(0 0.19 0.1)
(0.05 0.19 0.1)
(0.1 0.19 0.1)
(0.15 0.19 0.1)
(0.2 0.19 0.1)
(0.25 0.19 0.1)
(0.3 0.19 0.1)
(0.35 0.19 0.1)
(0.4 0.19 0.1)
(0.45 0.19 0.1)
(0.5 0.19 0.1)
(0.55 0.19 0.1)
(0.6 0.19 0.1)
(0.65 0.19 0.1)
(0.7 0.19 0.1)
(0.75 0.19 0.1)
(0.8 0.19 0.1)
(0.85 0.19 0.1)
(0.9 0.19 0.1)
(0.95 0.19 0.1)
(1 0.19 0.1)
(0 0.2 0.1)
(0.05 0.2 0.1)
(0.1 0.2 0.1)
(0.15 0.2 0.1)
(0.2 0.2 0.1)
(0.25 0.2 0.1)
(0.3 0.2 0.1)
(0.35 0.2 0.1)
(0.4 0.2 0.1)
(0.45 0.2 0.1)
(0.5 0.2 0.1)
(0.55 0.2 0.1)
(0.6 0.2 0.1)
(0.65 0.2 0.1)
(0.7 0.2 0.1)
(0.75 0.2 0.1)
(0.8 0.2 0.1)
(0.85 0.2 0.1)
(0.9 0.2 0.1)
(0.95 0.2 0.1)
(1 0.2 0.1)
)


// ************************************************************************* //
