/*--------------------------------*- C++ -*----------------------------------*\
  =========                 |
  \\      /  F ield         | OpenFOAM: The Open Source CFD Toolbox
   \\    /   O peration     | Website:  https://openfoam.org
    \\  /    A nd           | Version:  10
     \\/     M anipulation  |
\*---------------------------------------------------------------------------*/
FoamFile
{
    format      ascii;
    class       vectorField;
    location    "constant/polyMesh";
    object      points;
}
// * * * * * * * * * * * * * * * * * * * * * * * * * * * * * * * * * * * * * //


462
(
(-2 -1 0)
(-1.6 -1 0)
(-1.2 -1 0)
(-0.8 -1 0)
(-0.4 -1 0)
(0 -1 0)
(0.4 -1 0)
(0.8 -1 0)
(1.2 -1 0)
(1.6 -1 0)
(2 -1 0)
(2.4 -1 0)
(2.8 -1 0)
(3.2 -1 0)
(3.6 -1 0)
(4 -1 0)
(4.4 -1 0)
(4.8 -1 0)
(5.2 -1 0)
(5.6 -1 0)
(6 -1 0)
(-2 -0.8 0)
(-1.6 -0.8 0)
(-1.2 -0.8 0)
(-0.8 -0.8 0)
(-0.4 -0.8 0)
(0 -0.8 0)
(0.4 -0.8 0)
(0.8 -0.8 0)
(1.2 -0.8 0)
(1.6 -0.8 0)
(2 -0.8 0)
(2.4 -0.8 0)
(2.8 -0.8 0)
(3.2 -0.8 0)
(3.6 -0.8 0)
(4 -0.8 0)
(4.4 -0.8 0)
(4.8 -0.8 0)
(5.2 -0.8 0)
(5.6 -0.8 0)
(6 -0.8 0)
(-2 -0.6 0)
(-1.6 -0.6 0)
(-1.2 -0.6 0)
(-0.8 -0.6 0)
(-0.4 -0.6 0)
(-7.401486831e-17 -0.6 0)
(0.4 -0.6 0)
(0.8 -0.6 0)
(1.2 -0.6 0)
(1.6 -0.6 0)
(2 -0.6 0)
(2.4 -0.6 0)
(2.8 -0.6 0)
(3.2 -0.6 0)
(3.6 -0.6 0)
(4 -0.6 0)
(4.4 -0.6 0)
(4.8 -0.6 0)
(5.2 -0.6 0)
(5.6 -0.6 0)
(6 -0.6 0)
(-2 -0.4 0)
(-1.6 -0.4 0)
(-1.2 -0.4 0)
(-0.8 -0.4 0)
(-0.4 -0.4 0)
(1.665334537e-16 -0.4 0)
(0.4 -0.4 0)
(0.8 -0.4 0)
(1.2 -0.4 0)
(1.6 -0.4 0)
(2 -0.4 0)
(2.4 -0.4 0)
(2.8 -0.4 0)
(3.2 -0.4 0)
(3.6 -0.4 0)
(4 -0.4 0)
(4.4 -0.4 0)
(4.8 -0.4 0)
(5.2 -0.4 0)
(5.6 -0.4 0)
(6 -0.4 0)
(-2 -0.2 0)
(-1.6 -0.2 0)
(-1.2 -0.2 0)
(-0.8 -0.2 0)
(-0.4 -0.2 0)
(0 -0.2 0)
(0.4 -0.2 0)
(0.8 -0.2 0)
(1.2 -0.2 0)
(1.6 -0.2 0)
(2 -0.2 0)
(2.4 -0.2 0)
(2.8 -0.2 0)
(3.2 -0.2 0)
(3.6 -0.2 0)
(4 -0.2 0)
(4.4 -0.2 0)
(4.8 -0.2 0)
(5.2 -0.2 0)
(5.6 -0.2 0)
(6 -0.2 0)
(-2 0 0)
(-1.6 0 0)
(-1.2 0 0)
(-0.8 0 0)
(-0.4 0 0)
(0 0 0)
(0.4 0 0)
(0.8 0 0)
(1.2 0 0)
(1.6 0 0)
(2 0 0)
(2.4 0 0)
(2.8 0 0)
(3.2 0 0)
(3.6 0 0)
(4 0 0)
(4.4 0 0)
(4.8 0 0)
(5.2 0 0)
(5.6 0 0)
(6 0 0)
(-2 0.2 0)
(-1.6 0.2 0)
(-1.2 0.2 0)
(-0.8 0.2 0)
(-0.4 0.2 0)
(0 0.2 0)
(0.4 0.2 0)
(0.8 0.2 0)
(1.2 0.2 0)
(1.6 0.2 0)
(2 0.2 0)
(2.4 0.2 0)
(2.8 0.2 0)
(3.2 0.2 0)
(3.6 0.2 0)
(4 0.2 0)
(4.4 0.2 0)
(4.8 0.2 0)
(5.2 0.2 0)
(5.6 0.2 0)
(6 0.2 0)
(-2 0.4 0)
(-1.6 0.4 0)
(-1.2 0.4 0)
(-0.8 0.4 0)
(-0.4 0.4 0)
(0 0.4 0)
(0.4 0.4 0)
(0.8 0.4 0)
(1.2 0.4 0)
(1.6 0.4 0)
(2 0.4 0)
(2.4 0.4 0)
(2.8 0.4 0)
(3.2 0.4 0)
(3.6 0.4 0)
(4 0.4 0)
(4.4 0.4 0)
(4.8 0.4 0)
(5.2 0.4 0)
(5.6 0.4 0)
(6 0.4 0)
(-2 0.6 0)
(-1.6 0.6 0)
(-1.2 0.6 0)
(-0.8 0.6 0)
(-0.4 0.6 0)
(0 0.6 0)
(0.4 0.6 0)
(0.8 0.6 0)
(1.2 0.6 0)
(1.6 0.6 0)
(2 0.6 0)
(2.4 0.6 0)
(2.8 0.6 0)
(3.2 0.6 0)
(3.6 0.6 0)
(4 0.6 0)
(4.4 0.6 0)
(4.8 0.6 0)
(5.2 0.6 0)
(5.6 0.6 0)
(6 0.6 0)
(-2 0.8 0)
(-1.6 0.8 0)
(-1.2 0.8 0)
(-0.8 0.8 0)
(-0.4 0.8 0)
(0 0.8 0)
(0.4 0.8 0)
(0.8 0.8 0)
(1.2 0.8 0)
(1.6 0.8 0)
(2 0.8 0)
(2.4 0.8 0)
(2.8 0.8 0)
(3.2 0.8 0)
(3.6 0.8 0)
(4 0.8 0)
(4.4 0.8 0)
(4.8 0.8 0)
(5.2 0.8 0)
(5.6 0.8 0)
(6 0.8 0)
(-2 1 0)
(-1.6 1 0)
(-1.2 1 0)
(-0.8 1 0)
(-0.4 1 0)
(0 1 0)
(0.4 1 0)
(0.8 1 0)
(1.2 1 0)
(1.6 1 0)
(2 1 0)
(2.4 1 0)
(2.8 1 0)
(3.2 1 0)
(3.6 1 0)
(4 1 0)
(4.4 1 0)
(4.8 1 0)
(5.2 1 0)
(5.6 1 0)
(6 1 0)
(-2 -1 0.5)
(-1.6 -1 0.5)
(-1.2 -1 0.5)
(-0.8 -1 0.5)
(-0.4 -1 0.5)
(0 -1 0.5)
(0.4 -1 0.5)
(0.8 -1 0.5)
(1.2 -1 0.5)
(1.6 -1 0.5)
(2 -1 0.5)
(2.4 -1 0.5)
(2.8 -1 0.5)
(3.2 -1 0.5)
(3.6 -1 0.5)
(4 -1 0.5)
(4.4 -1 0.5)
(4.8 -1 0.5)
(5.2 -1 0.5)
(5.6 -1 0.5)
(6 -1 0.5)
(-2 -0.8 0.5)
(-1.6 -0.8 0.5)
(-1.2 -0.8 0.5)
(-0.8 -0.8 0.5)
(-0.4 -0.8 0.5)
(0 -0.8 0.5)
(0.4 -0.8 0.5)
(0.8 -0.8 0.5)
(1.2 -0.8 0.5)
(1.6 -0.8 0.5)
(2 -0.8 0.5)
(2.4 -0.8 0.5)
(2.8 -0.8 0.5)
(3.2 -0.8 0.5)
(3.6 -0.8 0.5)
(4 -0.8 0.5)
(4.4 -0.8 0.5)
(4.8 -0.8 0.5)
(5.2 -0.8 0.5)
(5.6 -0.8 0.5)
(6 -0.8 0.5)
(-2 -0.6 0.5)
(-1.6 -0.6 0.5)
(-1.2 -0.6 0.5)
(-0.8 -0.6 0.5)
(-0.4 -0.6 0.5)
(-7.401486831e-17 -0.6 0.5)
(0.4 -0.6 0.5)
(0.8 -0.6 0.5)
(1.2 -0.6 0.5)
(1.6 -0.6 0.5)
(2 -0.6 0.5)
(2.4 -0.6 0.5)
(2.8 -0.6 0.5)
(3.2 -0.6 0.5)
(3.6 -0.6 0.5)
(4 -0.6 0.5)
(4.4 -0.6 0.5)
(4.8 -0.6 0.5)
(5.2 -0.6 0.5)
(5.6 -0.6 0.5)
(6 -0.6 0.5)
(-2 -0.4 0.5)
(-1.6 -0.4 0.5)
(-1.2 -0.4 0.5)
(-0.8 -0.4 0.5)
(-0.4 -0.4 0.5)
(1.665334537e-16 -0.4 0.5)
(0.4 -0.4 0.5)
(0.8 -0.4 0.5)
(1.2 -0.4 0.5)
(1.6 -0.4 0.5)
(2 -0.4 0.5)
(2.4 -0.4 0.5)
(2.8 -0.4 0.5)
(3.2 -0.4 0.5)
(3.6 -0.4 0.5)
(4 -0.4 0.5)
(4.4 -0.4 0.5)
(4.8 -0.4 0.5)
(5.2 -0.4 0.5)
(5.6 -0.4 0.5)
(6 -0.4 0.5)
(-2 -0.2 0.5)
(-1.6 -0.2 0.5)
(-1.2 -0.2 0.5)
(-0.8 -0.2 0.5)
(-0.4 -0.2 0.5)
(0 -0.2 0.5)
(0.4 -0.2 0.5)
(0.8 -0.2 0.5)
(1.2 -0.2 0.5)
(1.6 -0.2 0.5)
(2 -0.2 0.5)
(2.4 -0.2 0.5)
(2.8 -0.2 0.5)
(3.2 -0.2 0.5)
(3.6 -0.2 0.5)
(4 -0.2 0.5)
(4.4 -0.2 0.5)
(4.8 -0.2 0.5)
(5.2 -0.2 0.5)
(5.6 -0.2 0.5)
(6 -0.2 0.5)
(-2 0 0.5)
(-1.6 0 0.5)
(-1.2 0 0.5)
(-0.8 0 0.5)
(-0.4 0 0.5)
(0 0 0.5)
(0.4 0 0.5)
(0.8 0 0.5)
(1.2 0 0.5)
(1.6 0 0.5)
(2 0 0.5)
(2.4 0 0.5)
(2.8 0 0.5)
(3.2 0 0.5)
(3.6 0 0.5)
(4 0 0.5)
(4.4 0 0.5)
(4.8 0 0.5)
(5.2 0 0.5)
(5.6 0 0.5)
(6 0 0.5)
(-2 0.2 0.5)
(-1.6 0.2 0.5)
(-1.2 0.2 0.5)
(-0.8 0.2 0.5)
(-0.4 0.2 0.5)
(0 0.2 0.5)
(0.4 0.2 0.5)
(0.8 0.2 0.5)
(1.2 0.2 0.5)
(1.6 0.2 0.5)
(2 0.2 0.5)
(2.4 0.2 0.5)
(2.8 0.2 0.5)
(3.2 0.2 0.5)
(3.6 0.2 0.5)
(4 0.2 0.5)
(4.4 0.2 0.5)
(4.8 0.2 0.5)
(5.2 0.2 0.5)
(5.6 0.2 0.5)
(6 0.2 0.5)
(-2 0.4 0.5)
(-1.6 0.4 0.5)
(-1.2 0.4 0.5)
(-0.8 0.4 0.5)
(-0.4 0.4 0.5)
(0 0.4 0.5)
(0.4 0.4 0.5)
(0.8 0.4 0.5)
(1.2 0.4 0.5)
(1.6 0.4 0.5)
(2 0.4 0.5)
(2.4 0.4 0.5)
(2.8 0.4 0.5)
(3.2 0.4 0.5)
(3.6 0.4 0.5)
(4 0.4 0.5)
(4.4 0.4 0.5)
(4.8 0.4 0.5)
(5.2 0.4 0.5)
(5.6 0.4 0.5)
(6 0.4 0.5)
(-2 0.6 0.5)
(-1.6 0.6 0.5)
(-1.2 0.6 0.5)
(-0.8 0.6 0.5)
(-0.4 0.6 0.5)
(0 0.6 0.5)
(0.4 0.6 0.5)
(0.8 0.6 0.5)
(1.2 0.6 0.5)
(1.6 0.6 0.5)
(2 0.6 0.5)
(2.4 0.6 0.5)
(2.8 0.6 0.5)
(3.2 0.6 0.5)
(3.6 0.6 0.5)
(4 0.6 0.5)
(4.4 0.6 0.5)
(4.8 0.6 0.5)
(5.2 0.6 0.5)
(5.6 0.6 0.5)
(6 0.6 0.5)
(-2 0.8 0.5)
(-1.6 0.8 0.5)
(-1.2 0.8 0.5)
(-0.8 0.8 0.5)
(-0.4 0.8 0.5)
(0 0.8 0.5)
(0.4 0.8 0.5)
(0.8 0.8 0.5)
(1.2 0.8 0.5)
(1.6 0.8 0.5)
(2 0.8 0.5)
(2.4 0.8 0.5)
(2.8 0.8 0.5)
(3.2 0.8 0.5)
(3.6 0.8 0.5)
(4 0.8 0.5)
(4.4 0.8 0.5)
(4.8 0.8 0.5)
(5.2 0.8 0.5)
(5.6 0.8 0.5)
(6 0.8 0.5)
(-2 1 0.5)
(-1.6 1 0.5)
(-1.2 1 0.5)
(-0.8 1 0.5)
(-0.4 1 0.5)
(0 1 0.5)
(0.4 1 0.5)
(0.8 1 0.5)
(1.2 1 0.5)
(1.6 1 0.5)
(2 1 0.5)
(2.4 1 0.5)
(2.8 1 0.5)
(3.2 1 0.5)
(3.6 1 0.5)
(4 1 0.5)
(4.4 1 0.5)
(4.8 1 0.5)
(5.2 1 0.5)
(5.6 1 0.5)
(6 1 0.5)
)


// ************************************************************************* //
