/*--------------------------------*- C++ -*----------------------------------*\
  =========                 |
  \\      /  F ield         | OpenFOAM: The Open Source CFD Toolbox
   \\    /   O peration     | Website:  https://openfoam.org
    \\  /    A nd           | Version:  10
     \\/     M anipulation  |
\*---------------------------------------------------------------------------*/
FoamFile
{
    format      ascii;
    class       labelList;
    note        "nPoints: 13530 nCells: 6560 nFaces: 26444 nInternalFaces: 12916";
    location    "constant/polyMesh";
    object      neighbour;
}
// * * * * * * * * * * * * * * * * * * * * * * * * * * * * * * * * * * * * * //


12916
(
1
164
2
165
3
166
4
167
5
168
6
169
7
170
8
171
9
172
10
173
11
174
12
175
13
176
14
177
15
178
16
179
17
180
18
181
19
182
20
183
21
184
22
185
23
186
24
187
25
188
26
189
27
190
28
191
29
192
30
193
31
194
32
195
33
196
34
197
35
198
36
199
37
200
38
201
39
202
40
203
41
204
42
205
43
206
44
207
45
208
46
209
47
210
48
211
49
212
50
213
51
214
52
215
53
216
54
217
55
218
56
219
57
220
58
221
59
222
60
223
61
224
62
225
63
226
64
227
65
228
66
229
67
230
68
231
69
232
70
233
71
234
72
235
73
236
74
237
75
238
76
239
77
240
78
241
79
242
80
243
81
244
82
245
83
246
84
247
85
248
86
249
87
250
88
251
89
252
90
253
91
254
92
255
93
256
94
257
95
258
96
259
97
260
98
261
99
262
100
263
101
264
102
265
103
266
104
267
105
268
106
269
107
270
108
271
109
272
110
273
111
274
112
275
113
276
114
277
115
278
116
279
117
280
118
281
119
282
120
283
121
284
122
285
123
286
124
287
125
288
126
289
127
290
128
291
129
292
130
293
131
294
132
295
133
296
134
297
135
298
136
299
137
300
138
301
139
302
140
303
141
304
142
305
143
306
144
307
145
308
146
309
147
310
148
311
149
312
150
313
151
314
152
315
153
316
154
317
155
318
156
319
157
320
158
321
159
322
160
323
161
324
162
325
163
326
327
165
328
166
329
167
330
168
331
169
332
170
333
171
334
172
335
173
336
174
337
175
338
176
339
177
340
178
341
179
342
180
343
181
344
182
345
183
346
184
347
185
348
186
349
187
350
188
351
189
352
190
353
191
354
192
355
193
356
194
357
195
358
196
359
197
360
198
361
199
362
200
363
201
364
202
365
203
366
204
367
205
368
206
369
207
370
208
371
209
372
210
373
211
374
212
375
213
376
214
377
215
378
216
379
217
380
218
381
219
382
220
383
221
384
222
385
223
386
224
387
225
388
226
389
227
390
228
391
229
392
230
393
231
394
232
395
233
396
234
397
235
398
236
399
237
400
238
401
239
402
240
403
241
404
242
405
243
406
244
407
245
408
246
409
247
410
248
411
249
412
250
413
251
414
252
415
253
416
254
417
255
418
256
419
257
420
258
421
259
422
260
423
261
424
262
425
263
426
264
427
265
428
266
429
267
430
268
431
269
432
270
433
271
434
272
435
273
436
274
437
275
438
276
439
277
440
278
441
279
442
280
443
281
444
282
445
283
446
284
447
285
448
286
449
287
450
288
451
289
452
290
453
291
454
292
455
293
456
294
457
295
458
296
459
297
460
298
461
299
462
300
463
301
464
302
465
303
466
304
467
305
468
306
469
307
470
308
471
309
472
310
473
311
474
312
475
313
476
314
477
315
478
316
479
317
480
318
481
319
482
320
483
321
484
322
485
323
486
324
487
325
488
326
489
327
490
491
329
492
330
493
331
494
332
495
333
496
334
497
335
498
336
499
337
500
338
501
339
502
340
503
341
504
342
505
343
506
344
507
345
508
346
509
347
510
348
511
349
512
350
513
351
514
352
515
353
516
354
517
355
518
356
519
357
520
358
521
359
522
360
523
361
524
362
525
363
526
364
527
365
528
366
529
367
530
368
531
369
532
370
533
371
534
372
535
373
536
374
537
375
538
376
539
377
540
378
541
379
542
380
543
381
544
382
545
383
546
384
547
385
548
386
549
387
550
388
551
389
552
390
553
391
554
392
555
393
556
394
557
395
558
396
559
397
560
398
561
399
562
400
563
401
564
402
565
403
566
404
567
405
568
406
569
407
570
408
571
409
572
410
573
411
574
412
575
413
576
414
577
415
578
416
579
417
580
418
581
419
582
420
583
421
584
422
585
423
586
424
587
425
588
426
589
427
590
428
591
429
592
430
593
431
594
432
595
433
596
434
597
435
598
436
599
437
600
438
601
439
602
440
603
441
604
442
605
443
606
444
607
445
608
446
609
447
610
448
611
449
612
450
613
451
614
452
615
453
616
454
617
455
618
456
619
457
620
458
621
459
622
460
623
461
624
462
625
463
626
464
627
465
628
466
629
467
630
468
631
469
632
470
633
471
634
472
635
473
636
474
637
475
638
476
639
477
640
478
641
479
642
480
643
481
644
482
645
483
646
484
647
485
648
486
649
487
650
488
651
489
652
490
653
491
654
655
493
656
494
657
495
658
496
659
497
660
498
661
499
662
500
663
501
664
502
665
503
666
504
667
505
668
506
669
507
670
508
671
509
672
510
673
511
674
512
675
513
676
514
677
515
678
516
679
517
680
518
681
519
682
520
683
521
684
522
685
523
686
524
687
525
688
526
689
527
690
528
691
529
692
530
693
531
694
532
695
533
696
534
697
535
698
536
699
537
700
538
701
539
702
540
703
541
704
542
705
543
706
544
707
545
708
546
709
547
710
548
711
549
712
550
713
551
714
552
715
553
716
554
717
555
718
556
719
557
720
558
721
559
722
560
723
561
724
562
725
563
726
564
727
565
728
566
729
567
730
568
731
569
732
570
733
571
734
572
735
573
736
574
737
575
738
576
739
577
740
578
741
579
742
580
743
581
744
582
745
583
746
584
747
585
748
586
749
587
750
588
751
589
752
590
753
591
754
592
755
593
756
594
757
595
758
596
759
597
760
598
761
599
762
600
763
601
764
602
765
603
766
604
767
605
768
606
769
607
770
608
771
609
772
610
773
611
774
612
775
613
776
614
777
615
778
616
779
617
780
618
781
619
782
620
783
621
784
622
785
623
786
624
787
625
788
626
789
627
790
628
791
629
792
630
793
631
794
632
795
633
796
634
797
635
798
636
799
637
800
638
801
639
802
640
803
641
804
642
805
643
806
644
807
645
808
646
809
647
810
648
811
649
812
650
813
651
814
652
815
653
816
654
817
655
818
819
657
820
658
821
659
822
660
823
661
824
662
825
663
826
664
827
665
828
666
829
667
830
668
831
669
832
670
833
671
834
672
835
673
836
674
837
675
838
676
839
677
840
678
841
679
842
680
843
681
844
682
845
683
846
684
847
685
848
686
849
687
850
688
851
689
852
690
853
691
854
692
855
693
856
694
857
695
858
696
859
697
860
698
861
699
862
700
863
701
864
702
865
703
866
704
867
705
868
706
869
707
870
708
871
709
872
710
873
711
874
712
875
713
876
714
877
715
878
716
879
717
880
718
881
719
882
720
883
721
884
722
885
723
886
724
887
725
888
726
889
727
890
728
891
729
892
730
893
731
894
732
895
733
896
734
897
735
898
736
899
737
900
738
901
739
902
740
903
741
904
742
905
743
906
744
907
745
908
746
909
747
910
748
911
749
912
750
913
751
914
752
915
753
916
754
917
755
918
756
919
757
920
758
921
759
922
760
923
761
924
762
925
763
926
764
927
765
928
766
929
767
930
768
931
769
932
770
933
771
934
772
935
773
936
774
937
775
938
776
939
777
940
778
941
779
942
780
943
781
944
782
945
783
946
784
947
785
948
786
949
787
950
788
951
789
952
790
953
791
954
792
955
793
956
794
957
795
958
796
959
797
960
798
961
799
962
800
963
801
964
802
965
803
966
804
967
805
968
806
969
807
970
808
971
809
972
810
973
811
974
812
975
813
976
814
977
815
978
816
979
817
980
818
981
819
982
983
821
984
822
985
823
986
824
987
825
988
826
989
827
990
828
991
829
992
830
993
831
994
832
995
833
996
834
997
835
998
836
999
837
1000
838
1001
839
1002
840
1003
841
1004
842
1005
843
1006
844
1007
845
1008
846
1009
847
1010
848
1011
849
1012
850
1013
851
1014
852
1015
853
1016
854
1017
855
1018
856
1019
857
1020
858
1021
859
1022
860
1023
861
1024
862
1025
863
1026
864
1027
865
1028
866
1029
867
1030
868
1031
869
1032
870
1033
871
1034
872
1035
873
1036
874
1037
875
1038
876
1039
877
1040
878
1041
879
1042
880
1043
881
1044
882
1045
883
1046
884
1047
885
1048
886
1049
887
1050
888
1051
889
1052
890
1053
891
1054
892
1055
893
1056
894
1057
895
1058
896
1059
897
1060
898
1061
899
1062
900
1063
901
1064
902
1065
903
1066
904
1067
905
1068
906
1069
907
1070
908
1071
909
1072
910
1073
911
1074
912
1075
913
1076
914
1077
915
1078
916
1079
917
1080
918
1081
919
1082
920
1083
921
1084
922
1085
923
1086
924
1087
925
1088
926
1089
927
1090
928
1091
929
1092
930
1093
931
1094
932
1095
933
1096
934
1097
935
1098
936
1099
937
1100
938
1101
939
1102
940
1103
941
1104
942
1105
943
1106
944
1107
945
1108
946
1109
947
1110
948
1111
949
1112
950
1113
951
1114
952
1115
953
1116
954
1117
955
1118
956
1119
957
1120
958
1121
959
1122
960
1123
961
1124
962
1125
963
1126
964
1127
965
1128
966
1129
967
1130
968
1131
969
1132
970
1133
971
1134
972
1135
973
1136
974
1137
975
1138
976
1139
977
1140
978
1141
979
1142
980
1143
981
1144
982
1145
983
1146
1147
985
1148
986
1149
987
1150
988
1151
989
1152
990
1153
991
1154
992
1155
993
1156
994
1157
995
1158
996
1159
997
1160
998
1161
999
1162
1000
1163
1001
1164
1002
1165
1003
1166
1004
1167
1005
1168
1006
1169
1007
1170
1008
1171
1009
1172
1010
1173
1011
1174
1012
1175
1013
1176
1014
1177
1015
1178
1016
1179
1017
1180
1018
1181
1019
1182
1020
1183
1021
1184
1022
1185
1023
1186
1024
1187
1025
1188
1026
1189
1027
1190
1028
1191
1029
1192
1030
1193
1031
1194
1032
1195
1033
1196
1034
1197
1035
1198
1036
1199
1037
1200
1038
1201
1039
1202
1040
1203
1041
1204
1042
1205
1043
1206
1044
1207
1045
1208
1046
1209
1047
1210
1048
1211
1049
1212
1050
1213
1051
1214
1052
1215
1053
1216
1054
1217
1055
1218
1056
1219
1057
1220
1058
1221
1059
1222
1060
1223
1061
1224
1062
1225
1063
1226
1064
1227
1065
1228
1066
1229
1067
1230
1068
1231
1069
1232
1070
1233
1071
1234
1072
1235
1073
1236
1074
1237
1075
1238
1076
1239
1077
1240
1078
1241
1079
1242
1080
1243
1081
1244
1082
1245
1083
1246
1084
1247
1085
1248
1086
1249
1087
1250
1088
1251
1089
1252
1090
1253
1091
1254
1092
1255
1093
1256
1094
1257
1095
1258
1096
1259
1097
1260
1098
1261
1099
1262
1100
1263
1101
1264
1102
1265
1103
1266
1104
1267
1105
1268
1106
1269
1107
1270
1108
1271
1109
1272
1110
1273
1111
1274
1112
1275
1113
1276
1114
1277
1115
1278
1116
1279
1117
1280
1118
1281
1119
1282
1120
1283
1121
1284
1122
1285
1123
1286
1124
1287
1125
1288
1126
1289
1127
1290
1128
1291
1129
1292
1130
1293
1131
1294
1132
1295
1133
1296
1134
1297
1135
1298
1136
1299
1137
1300
1138
1301
1139
1302
1140
1303
1141
1304
1142
1305
1143
1306
1144
1307
1145
1308
1146
1309
1147
1310
1311
1149
1312
1150
1313
1151
1314
1152
1315
1153
1316
1154
1317
1155
1318
1156
1319
1157
1320
1158
1321
1159
1322
1160
1323
1161
1324
1162
1325
1163
1326
1164
1327
1165
1328
1166
1329
1167
1330
1168
1331
1169
1332
1170
1333
1171
1334
1172
1335
1173
1336
1174
1337
1175
1338
1176
1339
1177
1340
1178
1341
1179
1342
1180
1343
1181
1344
1182
1345
1183
1346
1184
1347
1185
1348
1186
1349
1187
1350
1188
1351
1189
1352
1190
1353
1191
1354
1192
1355
1193
1356
1194
1357
1195
1358
1196
1359
1197
1360
1198
1361
1199
1362
1200
1363
1201
1364
1202
1365
1203
1366
1204
1367
1205
1368
1206
1369
1207
1370
1208
1371
1209
1372
1210
1373
1211
1374
1212
1375
1213
1376
1214
1377
1215
1378
1216
1379
1217
1380
1218
1381
1219
1382
1220
1383
1221
1384
1222
1385
1223
1386
1224
1387
1225
1388
1226
1389
1227
1390
1228
1391
1229
1392
1230
1393
1231
1394
1232
1395
1233
1396
1234
1397
1235
1398
1236
1399
1237
1400
1238
1401
1239
1402
1240
1403
1241
1404
1242
1405
1243
1406
1244
1407
1245
1408
1246
1409
1247
1410
1248
1411
1249
1412
1250
1413
1251
1414
1252
1415
1253
1416
1254
1417
1255
1418
1256
1419
1257
1420
1258
1421
1259
1422
1260
1423
1261
1424
1262
1425
1263
1426
1264
1427
1265
1428
1266
1429
1267
1430
1268
1431
1269
1432
1270
1433
1271
1434
1272
1435
1273
1436
1274
1437
1275
1438
1276
1439
1277
1440
1278
1441
1279
1442
1280
1443
1281
1444
1282
1445
1283
1446
1284
1447
1285
1448
1286
1449
1287
1450
1288
1451
1289
1452
1290
1453
1291
1454
1292
1455
1293
1456
1294
1457
1295
1458
1296
1459
1297
1460
1298
1461
1299
1462
1300
1463
1301
1464
1302
1465
1303
1466
1304
1467
1305
1468
1306
1469
1307
1470
1308
1471
1309
1472
1310
1473
1311
1474
1475
1313
1476
1314
1477
1315
1478
1316
1479
1317
1480
1318
1481
1319
1482
1320
1483
1321
1484
1322
1485
1323
1486
1324
1487
1325
1488
1326
1489
1327
1490
1328
1491
1329
1492
1330
1493
1331
1494
1332
1495
1333
1496
1334
1497
1335
1498
1336
1499
1337
1500
1338
1501
1339
1502
1340
1503
1341
1504
1342
1505
1343
1506
1344
1507
1345
1508
1346
1509
1347
1510
1348
1511
1349
1512
1350
1513
1351
1514
1352
1515
1353
1516
1354
1517
1355
1518
1356
1519
1357
1520
1358
1521
1359
1522
1360
1523
1361
1524
1362
1525
1363
1526
1364
1527
1365
1528
1366
1529
1367
1530
1368
1531
1369
1532
1370
1533
1371
1534
1372
1535
1373
1536
1374
1537
1375
1538
1376
1539
1377
1540
1378
1541
1379
1542
1380
1543
1381
1544
1382
1545
1383
1546
1384
1547
1385
1548
1386
1549
1387
1550
1388
1551
1389
1552
1390
1553
1391
1554
1392
1555
1393
1556
1394
1557
1395
1558
1396
1559
1397
1560
1398
1561
1399
1562
1400
1563
1401
1564
1402
1565
1403
1566
1404
1567
1405
1568
1406
1569
1407
1570
1408
1571
1409
1572
1410
1573
1411
1574
1412
1575
1413
1576
1414
1577
1415
1578
1416
1579
1417
1580
1418
1581
1419
1582
1420
1583
1421
1584
1422
1585
1423
1586
1424
1587
1425
1588
1426
1589
1427
1590
1428
1591
1429
1592
1430
1593
1431
1594
1432
1595
1433
1596
1434
1597
1435
1598
1436
1599
1437
1600
1438
1601
1439
1602
1440
1603
1441
1604
1442
1605
1443
1606
1444
1607
1445
1608
1446
1609
1447
1610
1448
1611
1449
1612
1450
1613
1451
1614
1452
1615
1453
1616
1454
1617
1455
1618
1456
1619
1457
1620
1458
1621
1459
1622
1460
1623
1461
1624
1462
1625
1463
1626
1464
1627
1465
1628
1466
1629
1467
1630
1468
1631
1469
1632
1470
1633
1471
1634
1472
1635
1473
1636
1474
1637
1475
1638
1639
1477
1640
1478
1641
1479
1642
1480
1643
1481
1644
1482
1645
1483
1646
1484
1647
1485
1648
1486
1649
1487
1650
1488
1651
1489
1652
1490
1653
1491
1654
1492
1655
1493
1656
1494
1657
1495
1658
1496
1659
1497
1660
1498
1661
1499
1662
1500
1663
1501
1664
1502
1665
1503
1666
1504
1667
1505
1668
1506
1669
1507
1670
1508
1671
1509
1672
1510
1673
1511
1674
1512
1675
1513
1676
1514
1677
1515
1678
1516
1679
1517
1680
1518
1681
1519
1682
1520
1683
1521
1684
1522
1685
1523
1686
1524
1687
1525
1688
1526
1689
1527
1690
1528
1691
1529
1692
1530
1693
1531
1694
1532
1695
1533
1696
1534
1697
1535
1698
1536
1699
1537
1700
1538
1701
1539
1702
1540
1703
1541
1704
1542
1705
1543
1706
1544
1707
1545
1708
1546
1709
1547
1710
1548
1711
1549
1712
1550
1713
1551
1714
1552
1715
1553
1716
1554
1717
1555
1718
1556
1719
1557
1720
1558
1721
1559
1722
1560
1723
1561
1724
1562
1725
1563
1726
1564
1727
1565
1728
1566
1729
1567
1730
1568
1731
1569
1732
1570
1733
1571
1734
1572
1735
1573
1736
1574
1737
1575
1738
1576
1739
1577
1740
1578
1741
1579
1742
1580
1743
1581
1744
1582
1745
1583
1746
1584
1747
1585
1748
1586
1749
1587
1750
1588
1751
1589
1752
1590
1753
1591
1754
1592
1755
1593
1756
1594
1757
1595
1758
1596
1759
1597
1760
1598
1761
1599
1762
1600
1763
1601
1764
1602
1765
1603
1766
1604
1767
1605
1768
1606
1769
1607
1770
1608
1771
1609
1772
1610
1773
1611
1774
1612
1775
1613
1776
1614
1777
1615
1778
1616
1779
1617
1780
1618
1781
1619
1782
1620
1783
1621
1784
1622
1785
1623
1786
1624
1787
1625
1788
1626
1789
1627
1790
1628
1791
1629
1792
1630
1793
1631
1794
1632
1795
1633
1796
1634
1797
1635
1798
1636
1799
1637
1800
1638
1801
1639
1802
1803
1641
1804
1642
1805
1643
1806
1644
1807
1645
1808
1646
1809
1647
1810
1648
1811
1649
1812
1650
1813
1651
1814
1652
1815
1653
1816
1654
1817
1655
1818
1656
1819
1657
1820
1658
1821
1659
1822
1660
1823
1661
1824
1662
1825
1663
1826
1664
1827
1665
1828
1666
1829
1667
1830
1668
1831
1669
1832
1670
1833
1671
1834
1672
1835
1673
1836
1674
1837
1675
1838
1676
1839
1677
1840
1678
1841
1679
1842
1680
1843
1681
1844
1682
1845
1683
1846
1684
1847
1685
1848
1686
1849
1687
1850
1688
1851
1689
1852
1690
1853
1691
1854
1692
1855
1693
1856
1694
1857
1695
1858
1696
1859
1697
1860
1698
1861
1699
1862
1700
1863
1701
1864
1702
1865
1703
1866
1704
1867
1705
1868
1706
1869
1707
1870
1708
1871
1709
1872
1710
1873
1711
1874
1712
1875
1713
1876
1714
1877
1715
1878
1716
1879
1717
1880
1718
1881
1719
1882
1720
1883
1721
1884
1722
1885
1723
1886
1724
1887
1725
1888
1726
1889
1727
1890
1728
1891
1729
1892
1730
1893
1731
1894
1732
1895
1733
1896
1734
1897
1735
1898
1736
1899
1737
1900
1738
1901
1739
1902
1740
1903
1741
1904
1742
1905
1743
1906
1744
1907
1745
1908
1746
1909
1747
1910
1748
1911
1749
1912
1750
1913
1751
1914
1752
1915
1753
1916
1754
1917
1755
1918
1756
1919
1757
1920
1758
1921
1759
1922
1760
1923
1761
1924
1762
1925
1763
1926
1764
1927
1765
1928
1766
1929
1767
1930
1768
1931
1769
1932
1770
1933
1771
1934
1772
1935
1773
1936
1774
1937
1775
1938
1776
1939
1777
1940
1778
1941
1779
1942
1780
1943
1781
1944
1782
1945
1783
1946
1784
1947
1785
1948
1786
1949
1787
1950
1788
1951
1789
1952
1790
1953
1791
1954
1792
1955
1793
1956
1794
1957
1795
1958
1796
1959
1797
1960
1798
1961
1799
1962
1800
1963
1801
1964
1802
1965
1803
1966
1967
1805
1968
1806
1969
1807
1970
1808
1971
1809
1972
1810
1973
1811
1974
1812
1975
1813
1976
1814
1977
1815
1978
1816
1979
1817
1980
1818
1981
1819
1982
1820
1983
1821
1984
1822
1985
1823
1986
1824
1987
1825
1988
1826
1989
1827
1990
1828
1991
1829
1992
1830
1993
1831
1994
1832
1995
1833
1996
1834
1997
1835
1998
1836
1999
1837
2000
1838
2001
1839
2002
1840
2003
1841
2004
1842
2005
1843
2006
1844
2007
1845
2008
1846
2009
1847
2010
1848
2011
1849
2012
1850
2013
1851
2014
1852
2015
1853
2016
1854
2017
1855
2018
1856
2019
1857
2020
1858
2021
1859
2022
1860
2023
1861
2024
1862
2025
1863
2026
1864
2027
1865
2028
1866
2029
1867
2030
1868
2031
1869
2032
1870
2033
1871
2034
1872
2035
1873
2036
1874
2037
1875
2038
1876
2039
1877
2040
1878
2041
1879
2042
1880
2043
1881
2044
1882
2045
1883
2046
1884
2047
1885
2048
1886
2049
1887
2050
1888
2051
1889
2052
1890
2053
1891
2054
1892
2055
1893
2056
1894
2057
1895
2058
1896
2059
1897
2060
1898
2061
1899
2062
1900
2063
1901
2064
1902
2065
1903
2066
1904
2067
1905
2068
1906
2069
1907
2070
1908
2071
1909
2072
1910
2073
1911
2074
1912
2075
1913
2076
1914
2077
1915
2078
1916
2079
1917
2080
1918
2081
1919
2082
1920
2083
1921
2084
1922
2085
1923
2086
1924
2087
1925
2088
1926
2089
1927
2090
1928
2091
1929
2092
1930
2093
1931
2094
1932
2095
1933
2096
1934
2097
1935
2098
1936
2099
1937
2100
1938
2101
1939
2102
1940
2103
1941
2104
1942
2105
1943
2106
1944
2107
1945
2108
1946
2109
1947
2110
1948
2111
1949
2112
1950
2113
1951
2114
1952
2115
1953
2116
1954
2117
1955
2118
1956
2119
1957
2120
1958
2121
1959
2122
1960
2123
1961
2124
1962
2125
1963
2126
1964
2127
1965
2128
1966
2129
1967
2130
2131
1969
2132
1970
2133
1971
2134
1972
2135
1973
2136
1974
2137
1975
2138
1976
2139
1977
2140
1978
2141
1979
2142
1980
2143
1981
2144
1982
2145
1983
2146
1984
2147
1985
2148
1986
2149
1987
2150
1988
2151
1989
2152
1990
2153
1991
2154
1992
2155
1993
2156
1994
2157
1995
2158
1996
2159
1997
2160
1998
2161
1999
2162
2000
2163
2001
2164
2002
2165
2003
2166
2004
2167
2005
2168
2006
2169
2007
2170
2008
2171
2009
2172
2010
2173
2011
2174
2012
2175
2013
2176
2014
2177
2015
2178
2016
2179
2017
2180
2018
2181
2019
2182
2020
2183
2021
2184
2022
2185
2023
2186
2024
2187
2025
2188
2026
2189
2027
2190
2028
2191
2029
2192
2030
2193
2031
2194
2032
2195
2033
2196
2034
2197
2035
2198
2036
2199
2037
2200
2038
2201
2039
2202
2040
2203
2041
2204
2042
2205
2043
2206
2044
2207
2045
2208
2046
2209
2047
2210
2048
2211
2049
2212
2050
2213
2051
2214
2052
2215
2053
2216
2054
2217
2055
2218
2056
2219
2057
2220
2058
2221
2059
2222
2060
2223
2061
2224
2062
2225
2063
2226
2064
2227
2065
2228
2066
2229
2067
2230
2068
2231
2069
2232
2070
2233
2071
2234
2072
2235
2073
2236
2074
2237
2075
2238
2076
2239
2077
2240
2078
2241
2079
2242
2080
2243
2081
2244
2082
2245
2083
2246
2084
2247
2085
2248
2086
2249
2087
2250
2088
2251
2089
2252
2090
2253
2091
2254
2092
2255
2093
2256
2094
2257
2095
2258
2096
2259
2097
2260
2098
2261
2099
2262
2100
2263
2101
2264
2102
2265
2103
2266
2104
2267
2105
2268
2106
2269
2107
2270
2108
2271
2109
2272
2110
2273
2111
2274
2112
2275
2113
2276
2114
2277
2115
2278
2116
2279
2117
2280
2118
2281
2119
2282
2120
2283
2121
2284
2122
2285
2123
2286
2124
2287
2125
2288
2126
2289
2127
2290
2128
2291
2129
2292
2130
2293
2131
2294
2295
2133
2296
2134
2297
2135
2298
2136
2299
2137
2300
2138
2301
2139
2302
2140
2303
2141
2304
2142
2305
2143
2306
2144
2307
2145
2308
2146
2309
2147
2310
2148
2311
2149
2312
2150
2313
2151
2314
2152
2315
2153
2316
2154
2317
2155
2318
2156
2319
2157
2320
2158
2321
2159
2322
2160
2323
2161
2324
2162
2325
2163
2326
2164
2327
2165
2328
2166
2329
2167
2330
2168
2331
2169
2332
2170
2333
2171
2334
2172
2335
2173
2336
2174
2337
2175
2338
2176
2339
2177
2340
2178
2341
2179
2342
2180
2343
2181
2344
2182
2345
2183
2346
2184
2347
2185
2348
2186
2349
2187
2350
2188
2351
2189
2352
2190
2353
2191
2354
2192
2355
2193
2356
2194
2357
2195
2358
2196
2359
2197
2360
2198
2361
2199
2362
2200
2363
2201
2364
2202
2365
2203
2366
2204
2367
2205
2368
2206
2369
2207
2370
2208
2371
2209
2372
2210
2373
2211
2374
2212
2375
2213
2376
2214
2377
2215
2378
2216
2379
2217
2380
2218
2381
2219
2382
2220
2383
2221
2384
2222
2385
2223
2386
2224
2387
2225
2388
2226
2389
2227
2390
2228
2391
2229
2392
2230
2393
2231
2394
2232
2395
2233
2396
2234
2397
2235
2398
2236
2399
2237
2400
2238
2401
2239
2402
2240
2403
2241
2404
2242
2405
2243
2406
2244
2407
2245
2408
2246
2409
2247
2410
2248
2411
2249
2412
2250
2413
2251
2414
2252
2415
2253
2416
2254
2417
2255
2418
2256
2419
2257
2420
2258
2421
2259
2422
2260
2423
2261
2424
2262
2425
2263
2426
2264
2427
2265
2428
2266
2429
2267
2430
2268
2431
2269
2432
2270
2433
2271
2434
2272
2435
2273
2436
2274
2437
2275
2438
2276
2439
2277
2440
2278
2441
2279
2442
2280
2443
2281
2444
2282
2445
2283
2446
2284
2447
2285
2448
2286
2449
2287
2450
2288
2451
2289
2452
2290
2453
2291
2454
2292
2455
2293
2456
2294
2457
2295
2458
2459
2297
2460
2298
2461
2299
2462
2300
2463
2301
2464
2302
2465
2303
2466
2304
2467
2305
2468
2306
2469
2307
2470
2308
2471
2309
2472
2310
2473
2311
2474
2312
2475
2313
2476
2314
2477
2315
2478
2316
2479
2317
2480
2318
2481
2319
2482
2320
2483
2321
2484
2322
2485
2323
2486
2324
2487
2325
2488
2326
2489
2327
2490
2328
2491
2329
2492
2330
2493
2331
2494
2332
2495
2333
2496
2334
2497
2335
2498
2336
2499
2337
2500
2338
2501
2339
2502
2340
2503
2341
2504
2342
2505
2343
2506
2344
2507
2345
2508
2346
2509
2347
2510
2348
2511
2349
2512
2350
2513
2351
2514
2352
2515
2353
2516
2354
2517
2355
2518
2356
2519
2357
2520
2358
2521
2359
2522
2360
2523
2361
2524
2362
2525
2363
2526
2364
2527
2365
2528
2366
2529
2367
2530
2368
2531
2369
2532
2370
2533
2371
2534
2372
2535
2373
2536
2374
2537
2375
2538
2376
2539
2377
2540
2378
2541
2379
2542
2380
2543
2381
2544
2382
2545
2383
2546
2384
2547
2385
2548
2386
2549
2387
2550
2388
2551
2389
2552
2390
2553
2391
2554
2392
2555
2393
2556
2394
2557
2395
2558
2396
2559
2397
2560
2398
2561
2399
2562
2400
2563
2401
2564
2402
2565
2403
2566
2404
2567
2405
2568
2406
2569
2407
2570
2408
2571
2409
2572
2410
2573
2411
2574
2412
2575
2413
2576
2414
2577
2415
2578
2416
2579
2417
2580
2418
2581
2419
2582
2420
2583
2421
2584
2422
2585
2423
2586
2424
2587
2425
2588
2426
2589
2427
2590
2428
2591
2429
2592
2430
2593
2431
2594
2432
2595
2433
2596
2434
2597
2435
2598
2436
2599
2437
2600
2438
2601
2439
2602
2440
2603
2441
2604
2442
2605
2443
2606
2444
2607
2445
2608
2446
2609
2447
2610
2448
2611
2449
2612
2450
2613
2451
2614
2452
2615
2453
2616
2454
2617
2455
2618
2456
2619
2457
2620
2458
2621
2459
2622
2623
2461
2624
2462
2625
2463
2626
2464
2627
2465
2628
2466
2629
2467
2630
2468
2631
2469
2632
2470
2633
2471
2634
2472
2635
2473
2636
2474
2637
2475
2638
2476
2639
2477
2640
2478
2641
2479
2642
2480
2643
2481
2644
2482
2645
2483
2646
2484
2647
2485
2648
2486
2649
2487
2650
2488
2651
2489
2652
2490
2653
2491
2654
2492
2655
2493
2656
2494
2657
2495
2658
2496
2659
2497
2660
2498
2661
2499
2662
2500
2663
2501
2664
2502
2665
2503
2666
2504
2667
2505
2668
2506
2669
2507
2670
2508
2671
2509
2672
2510
2673
2511
2674
2512
2675
2513
2676
2514
2677
2515
2678
2516
2679
2517
2680
2518
2681
2519
2682
2520
2683
2521
2684
2522
2685
2523
2686
2524
2687
2525
2688
2526
2689
2527
2690
2528
2691
2529
2692
2530
2693
2531
2694
2532
2695
2533
2696
2534
2697
2535
2698
2536
2699
2537
2700
2538
2701
2539
2702
2540
2703
2541
2704
2542
2705
2543
2706
2544
2707
2545
2708
2546
2709
2547
2710
2548
2711
2549
2712
2550
2713
2551
2714
2552
2715
2553
2716
2554
2717
2555
2718
2556
2719
2557
2720
2558
2721
2559
2722
2560
2723
2561
2724
2562
2725
2563
2726
2564
2727
2565
2728
2566
2729
2567
2730
2568
2731
2569
2732
2570
2733
2571
2734
2572
2735
2573
2736
2574
2737
2575
2738
2576
2739
2577
2740
2578
2741
2579
2742
2580
2743
2581
2744
2582
2745
2583
2746
2584
2747
2585
2748
2586
2749
2587
2750
2588
2751
2589
2752
2590
2753
2591
2754
2592
2755
2593
2756
2594
2757
2595
2758
2596
2759
2597
2760
2598
2761
2599
2762
2600
2763
2601
2764
2602
2765
2603
2766
2604
2767
2605
2768
2606
2769
2607
2770
2608
2771
2609
2772
2610
2773
2611
2774
2612
2775
2613
2776
2614
2777
2615
2778
2616
2779
2617
2780
2618
2781
2619
2782
2620
2783
2621
2784
2622
2785
2623
2786
2787
2625
2788
2626
2789
2627
2790
2628
2791
2629
2792
2630
2793
2631
2794
2632
2795
2633
2796
2634
2797
2635
2798
2636
2799
2637
2800
2638
2801
2639
2802
2640
2803
2641
2804
2642
2805
2643
2806
2644
2807
2645
2808
2646
2809
2647
2810
2648
2811
2649
2812
2650
2813
2651
2814
2652
2815
2653
2816
2654
2817
2655
2818
2656
2819
2657
2820
2658
2821
2659
2822
2660
2823
2661
2824
2662
2825
2663
2826
2664
2827
2665
2828
2666
2829
2667
2830
2668
2831
2669
2832
2670
2833
2671
2834
2672
2835
2673
2836
2674
2837
2675
2838
2676
2839
2677
2840
2678
2841
2679
2842
2680
2843
2681
2844
2682
2845
2683
2846
2684
2847
2685
2848
2686
2849
2687
2850
2688
2851
2689
2852
2690
2853
2691
2854
2692
2855
2693
2856
2694
2857
2695
2858
2696
2859
2697
2860
2698
2861
2699
2862
2700
2863
2701
2864
2702
2865
2703
2866
2704
2867
2705
2868
2706
2869
2707
2870
2708
2871
2709
2872
2710
2873
2711
2874
2712
2875
2713
2876
2714
2877
2715
2878
2716
2879
2717
2880
2718
2881
2719
2882
2720
2883
2721
2884
2722
2885
2723
2886
2724
2887
2725
2888
2726
2889
2727
2890
2728
2891
2729
2892
2730
2893
2731
2894
2732
2895
2733
2896
2734
2897
2735
2898
2736
2899
2737
2900
2738
2901
2739
2902
2740
2903
2741
2904
2742
2905
2743
2906
2744
2907
2745
2908
2746
2909
2747
2910
2748
2911
2749
2912
2750
2913
2751
2914
2752
2915
2753
2916
2754
2917
2755
2918
2756
2919
2757
2920
2758
2921
2759
2922
2760
2923
2761
2924
2762
2925
2763
2926
2764
2927
2765
2928
2766
2929
2767
2930
2768
2931
2769
2932
2770
2933
2771
2934
2772
2935
2773
2936
2774
2937
2775
2938
2776
2939
2777
2940
2778
2941
2779
2942
2780
2943
2781
2944
2782
2945
2783
2946
2784
2947
2785
2948
2786
2949
2787
2950
2951
2789
2952
2790
2953
2791
2954
2792
2955
2793
2956
2794
2957
2795
2958
2796
2959
2797
2960
2798
2961
2799
2962
2800
2963
2801
2964
2802
2965
2803
2966
2804
2967
2805
2968
2806
2969
2807
2970
2808
2971
2809
2972
2810
2973
2811
2974
2812
2975
2813
2976
2814
2977
2815
2978
2816
2979
2817
2980
2818
2981
2819
2982
2820
2983
2821
2984
2822
2985
2823
2986
2824
2987
2825
2988
2826
2989
2827
2990
2828
2991
2829
2992
2830
2993
2831
2994
2832
2995
2833
2996
2834
2997
2835
2998
2836
2999
2837
3000
2838
3001
2839
3002
2840
3003
2841
3004
2842
3005
2843
3006
2844
3007
2845
3008
2846
3009
2847
3010
2848
3011
2849
3012
2850
3013
2851
3014
2852
3015
2853
3016
2854
3017
2855
3018
2856
3019
2857
3020
2858
3021
2859
3022
2860
3023
2861
3024
2862
3025
2863
3026
2864
3027
2865
3028
2866
3029
2867
3030
2868
3031
2869
3032
2870
3033
2871
3034
2872
3035
2873
3036
2874
3037
2875
3038
2876
3039
2877
3040
2878
3041
2879
3042
2880
3043
2881
3044
2882
3045
2883
3046
2884
3047
2885
3048
2886
3049
2887
3050
2888
3051
2889
3052
2890
3053
2891
3054
2892
3055
2893
3056
2894
3057
2895
3058
2896
3059
2897
3060
2898
3061
2899
3062
2900
3063
2901
3064
2902
3065
2903
3066
2904
3067
2905
3068
2906
3069
2907
3070
2908
3071
2909
3072
2910
3073
2911
3074
2912
3075
2913
3076
2914
3077
2915
3078
2916
3079
2917
3080
2918
3081
2919
3082
2920
3083
2921
3084
2922
3085
2923
3086
2924
3087
2925
3088
2926
3089
2927
3090
2928
3091
2929
3092
2930
3093
2931
3094
2932
3095
2933
3096
2934
3097
2935
3098
2936
3099
2937
3100
2938
3101
2939
3102
2940
3103
2941
3104
2942
3105
2943
3106
2944
3107
2945
3108
2946
3109
2947
3110
2948
3111
2949
3112
2950
3113
2951
3114
3115
2953
3116
2954
3117
2955
3118
2956
3119
2957
3120
2958
3121
2959
3122
2960
3123
2961
3124
2962
3125
2963
3126
2964
3127
2965
3128
2966
3129
2967
3130
2968
3131
2969
3132
2970
3133
2971
3134
2972
3135
2973
3136
2974
3137
2975
3138
2976
3139
2977
3140
2978
3141
2979
3142
2980
3143
2981
3144
2982
3145
2983
3146
2984
3147
2985
3148
2986
3149
2987
3150
2988
3151
2989
3152
2990
3153
2991
3154
2992
3155
2993
3156
2994
3157
2995
3158
2996
3159
2997
3160
2998
3161
2999
3162
3000
3163
3001
3164
3002
3165
3003
3166
3004
3167
3005
3168
3006
3169
3007
3170
3008
3171
3009
3172
3010
3173
3011
3174
3012
3175
3013
3176
3014
3177
3015
3178
3016
3179
3017
3180
3018
3181
3019
3182
3020
3183
3021
3184
3022
3185
3023
3186
3024
3187
3025
3188
3026
3189
3027
3190
3028
3191
3029
3192
3030
3193
3031
3194
3032
3195
3033
3196
3034
3197
3035
3198
3036
3199
3037
3200
3038
3201
3039
3202
3040
3203
3041
3204
3042
3205
3043
3206
3044
3207
3045
3208
3046
3209
3047
3210
3048
3211
3049
3212
3050
3213
3051
3214
3052
3215
3053
3216
3054
3217
3055
3218
3056
3219
3057
3220
3058
3221
3059
3222
3060
3223
3061
3224
3062
3225
3063
3226
3064
3227
3065
3228
3066
3229
3067
3230
3068
3231
3069
3232
3070
3233
3071
3234
3072
3235
3073
3236
3074
3237
3075
3238
3076
3239
3077
3240
3078
3241
3079
3242
3080
3243
3081
3244
3082
3245
3083
3246
3084
3247
3085
3248
3086
3249
3087
3250
3088
3251
3089
3252
3090
3253
3091
3254
3092
3255
3093
3256
3094
3257
3095
3258
3096
3259
3097
3260
3098
3261
3099
3262
3100
3263
3101
3264
3102
3265
3103
3266
3104
3267
3105
3268
3106
3269
3107
3270
3108
3271
3109
3272
3110
3273
3111
3274
3112
3275
3113
3276
3114
3277
3115
3278
3279
3117
3280
3118
3281
3119
3282
3120
3283
3121
3284
3122
3285
3123
3286
3124
3287
3125
3288
3126
3289
3127
3290
3128
3291
3129
3292
3130
3293
3131
3294
3132
3295
3133
3296
3134
3297
3135
3298
3136
3299
3137
3300
3138
3301
3139
3302
3140
3303
3141
3304
3142
3305
3143
3306
3144
3307
3145
3308
3146
3309
3147
3310
3148
3311
3149
3312
3150
3313
3151
3314
3152
3315
3153
3316
3154
3317
3155
3318
3156
3319
3157
3320
3158
3321
3159
3322
3160
3323
3161
3324
3162
3325
3163
3326
3164
3327
3165
3328
3166
3329
3167
3330
3168
3331
3169
3332
3170
3333
3171
3334
3172
3335
3173
3336
3174
3337
3175
3338
3176
3339
3177
3340
3178
3341
3179
3342
3180
3343
3181
3344
3182
3345
3183
3346
3184
3347
3185
3348
3186
3349
3187
3350
3188
3351
3189
3352
3190
3353
3191
3354
3192
3355
3193
3356
3194
3357
3195
3358
3196
3359
3197
3360
3198
3361
3199
3362
3200
3363
3201
3364
3202
3365
3203
3366
3204
3367
3205
3368
3206
3369
3207
3370
3208
3371
3209
3372
3210
3373
3211
3374
3212
3375
3213
3376
3214
3377
3215
3378
3216
3379
3217
3380
3218
3381
3219
3382
3220
3383
3221
3384
3222
3385
3223
3386
3224
3387
3225
3388
3226
3389
3227
3390
3228
3391
3229
3392
3230
3393
3231
3394
3232
3395
3233
3396
3234
3397
3235
3398
3236
3399
3237
3400
3238
3401
3239
3402
3240
3403
3241
3404
3242
3405
3243
3406
3244
3407
3245
3408
3246
3409
3247
3410
3248
3411
3249
3412
3250
3413
3251
3414
3252
3415
3253
3416
3254
3417
3255
3418
3256
3419
3257
3420
3258
3421
3259
3422
3260
3423
3261
3424
3262
3425
3263
3426
3264
3427
3265
3428
3266
3429
3267
3430
3268
3431
3269
3432
3270
3433
3271
3434
3272
3435
3273
3436
3274
3437
3275
3438
3276
3439
3277
3440
3278
3441
3279
3442
3443
3281
3444
3282
3445
3283
3446
3284
3447
3285
3448
3286
3449
3287
3450
3288
3451
3289
3452
3290
3453
3291
3454
3292
3455
3293
3456
3294
3457
3295
3458
3296
3459
3297
3460
3298
3461
3299
3462
3300
3463
3301
3464
3302
3465
3303
3466
3304
3467
3305
3468
3306
3469
3307
3470
3308
3471
3309
3472
3310
3473
3311
3474
3312
3475
3313
3476
3314
3477
3315
3478
3316
3479
3317
3480
3318
3481
3319
3482
3320
3483
3321
3484
3322
3485
3323
3486
3324
3487
3325
3488
3326
3489
3327
3490
3328
3491
3329
3492
3330
3493
3331
3494
3332
3495
3333
3496
3334
3497
3335
3498
3336
3499
3337
3500
3338
3501
3339
3502
3340
3503
3341
3504
3342
3505
3343
3506
3344
3507
3345
3508
3346
3509
3347
3510
3348
3511
3349
3512
3350
3513
3351
3514
3352
3515
3353
3516
3354
3517
3355
3518
3356
3519
3357
3520
3358
3521
3359
3522
3360
3523
3361
3524
3362
3525
3363
3526
3364
3527
3365
3528
3366
3529
3367
3530
3368
3531
3369
3532
3370
3533
3371
3534
3372
3535
3373
3536
3374
3537
3375
3538
3376
3539
3377
3540
3378
3541
3379
3542
3380
3543
3381
3544
3382
3545
3383
3546
3384
3547
3385
3548
3386
3549
3387
3550
3388
3551
3389
3552
3390
3553
3391
3554
3392
3555
3393
3556
3394
3557
3395
3558
3396
3559
3397
3560
3398
3561
3399
3562
3400
3563
3401
3564
3402
3565
3403
3566
3404
3567
3405
3568
3406
3569
3407
3570
3408
3571
3409
3572
3410
3573
3411
3574
3412
3575
3413
3576
3414
3577
3415
3578
3416
3579
3417
3580
3418
3581
3419
3582
3420
3583
3421
3584
3422
3585
3423
3586
3424
3587
3425
3588
3426
3589
3427
3590
3428
3591
3429
3592
3430
3593
3431
3594
3432
3595
3433
3596
3434
3597
3435
3598
3436
3599
3437
3600
3438
3601
3439
3602
3440
3603
3441
3604
3442
3605
3443
3606
3607
3445
3608
3446
3609
3447
3610
3448
3611
3449
3612
3450
3613
3451
3614
3452
3615
3453
3616
3454
3617
3455
3618
3456
3619
3457
3620
3458
3621
3459
3622
3460
3623
3461
3624
3462
3625
3463
3626
3464
3627
3465
3628
3466
3629
3467
3630
3468
3631
3469
3632
3470
3633
3471
3634
3472
3635
3473
3636
3474
3637
3475
3638
3476
3639
3477
3640
3478
3641
3479
3642
3480
3643
3481
3644
3482
3645
3483
3646
3484
3647
3485
3648
3486
3649
3487
3650
3488
3651
3489
3652
3490
3653
3491
3654
3492
3655
3493
3656
3494
3657
3495
3658
3496
3659
3497
3660
3498
3661
3499
3662
3500
3663
3501
3664
3502
3665
3503
3666
3504
3667
3505
3668
3506
3669
3507
3670
3508
3671
3509
3672
3510
3673
3511
3674
3512
3675
3513
3676
3514
3677
3515
3678
3516
3679
3517
3680
3518
3681
3519
3682
3520
3683
3521
3684
3522
3685
3523
3686
3524
3687
3525
3688
3526
3689
3527
3690
3528
3691
3529
3692
3530
3693
3531
3694
3532
3695
3533
3696
3534
3697
3535
3698
3536
3699
3537
3700
3538
3701
3539
3702
3540
3703
3541
3704
3542
3705
3543
3706
3544
3707
3545
3708
3546
3709
3547
3710
3548
3711
3549
3712
3550
3713
3551
3714
3552
3715
3553
3716
3554
3717
3555
3718
3556
3719
3557
3720
3558
3721
3559
3722
3560
3723
3561
3724
3562
3725
3563
3726
3564
3727
3565
3728
3566
3729
3567
3730
3568
3731
3569
3732
3570
3733
3571
3734
3572
3735
3573
3736
3574
3737
3575
3738
3576
3739
3577
3740
3578
3741
3579
3742
3580
3743
3581
3744
3582
3745
3583
3746
3584
3747
3585
3748
3586
3749
3587
3750
3588
3751
3589
3752
3590
3753
3591
3754
3592
3755
3593
3756
3594
3757
3595
3758
3596
3759
3597
3760
3598
3761
3599
3762
3600
3763
3601
3764
3602
3765
3603
3766
3604
3767
3605
3768
3606
3769
3607
3770
3771
3609
3772
3610
3773
3611
3774
3612
3775
3613
3776
3614
3777
3615
3778
3616
3779
3617
3780
3618
3781
3619
3782
3620
3783
3621
3784
3622
3785
3623
3786
3624
3787
3625
3788
3626
3789
3627
3790
3628
3791
3629
3792
3630
3793
3631
3794
3632
3795
3633
3796
3634
3797
3635
3798
3636
3799
3637
3800
3638
3801
3639
3802
3640
3803
3641
3804
3642
3805
3643
3806
3644
3807
3645
3808
3646
3809
3647
3810
3648
3811
3649
3812
3650
3813
3651
3814
3652
3815
3653
3816
3654
3817
3655
3818
3656
3819
3657
3820
3658
3821
3659
3822
3660
3823
3661
3824
3662
3825
3663
3826
3664
3827
3665
3828
3666
3829
3667
3830
3668
3831
3669
3832
3670
3833
3671
3834
3672
3835
3673
3836
3674
3837
3675
3838
3676
3839
3677
3840
3678
3841
3679
3842
3680
3843
3681
3844
3682
3845
3683
3846
3684
3847
3685
3848
3686
3849
3687
3850
3688
3851
3689
3852
3690
3853
3691
3854
3692
3855
3693
3856
3694
3857
3695
3858
3696
3859
3697
3860
3698
3861
3699
3862
3700
3863
3701
3864
3702
3865
3703
3866
3704
3867
3705
3868
3706
3869
3707
3870
3708
3871
3709
3872
3710
3873
3711
3874
3712
3875
3713
3876
3714
3877
3715
3878
3716
3879
3717
3880
3718
3881
3719
3882
3720
3883
3721
3884
3722
3885
3723
3886
3724
3887
3725
3888
3726
3889
3727
3890
3728
3891
3729
3892
3730
3893
3731
3894
3732
3895
3733
3896
3734
3897
3735
3898
3736
3899
3737
3900
3738
3901
3739
3902
3740
3903
3741
3904
3742
3905
3743
3906
3744
3907
3745
3908
3746
3909
3747
3910
3748
3911
3749
3912
3750
3913
3751
3914
3752
3915
3753
3916
3754
3917
3755
3918
3756
3919
3757
3920
3758
3921
3759
3922
3760
3923
3761
3924
3762
3925
3763
3926
3764
3927
3765
3928
3766
3929
3767
3930
3768
3931
3769
3932
3770
3933
3771
3934
3935
3773
3936
3774
3937
3775
3938
3776
3939
3777
3940
3778
3941
3779
3942
3780
3943
3781
3944
3782
3945
3783
3946
3784
3947
3785
3948
3786
3949
3787
3950
3788
3951
3789
3952
3790
3953
3791
3954
3792
3955
3793
3956
3794
3957
3795
3958
3796
3959
3797
3960
3798
3961
3799
3962
3800
3963
3801
3964
3802
3965
3803
3966
3804
3967
3805
3968
3806
3969
3807
3970
3808
3971
3809
3972
3810
3973
3811
3974
3812
3975
3813
3976
3814
3977
3815
3978
3816
3979
3817
3980
3818
3981
3819
3982
3820
3983
3821
3984
3822
3985
3823
3986
3824
3987
3825
3988
3826
3989
3827
3990
3828
3991
3829
3992
3830
3993
3831
3994
3832
3995
3833
3996
3834
3997
3835
3998
3836
3999
3837
4000
3838
4001
3839
4002
3840
4003
3841
4004
3842
4005
3843
4006
3844
4007
3845
4008
3846
4009
3847
4010
3848
4011
3849
4012
3850
4013
3851
4014
3852
4015
3853
4016
3854
4017
3855
4018
3856
4019
3857
4020
3858
4021
3859
4022
3860
4023
3861
4024
3862
4025
3863
4026
3864
4027
3865
4028
3866
4029
3867
4030
3868
4031
3869
4032
3870
4033
3871
4034
3872
4035
3873
4036
3874
4037
3875
4038
3876
4039
3877
4040
3878
4041
3879
4042
3880
4043
3881
4044
3882
4045
3883
4046
3884
4047
3885
4048
3886
4049
3887
4050
3888
4051
3889
4052
3890
4053
3891
4054
3892
4055
3893
4056
3894
4057
3895
4058
3896
4059
3897
4060
3898
4061
3899
4062
3900
4063
3901
4064
3902
4065
3903
4066
3904
4067
3905
4068
3906
4069
3907
4070
3908
4071
3909
4072
3910
4073
3911
4074
3912
4075
3913
4076
3914
4077
3915
4078
3916
4079
3917
4080
3918
4081
3919
4082
3920
4083
3921
4084
3922
4085
3923
4086
3924
4087
3925
4088
3926
4089
3927
4090
3928
4091
3929
4092
3930
4093
3931
4094
3932
4095
3933
4096
3934
4097
3935
4098
4099
3937
4100
3938
4101
3939
4102
3940
4103
3941
4104
3942
4105
3943
4106
3944
4107
3945
4108
3946
4109
3947
4110
3948
4111
3949
4112
3950
4113
3951
4114
3952
4115
3953
4116
3954
4117
3955
4118
3956
4119
3957
4120
3958
4121
3959
4122
3960
4123
3961
4124
3962
4125
3963
4126
3964
4127
3965
4128
3966
4129
3967
4130
3968
4131
3969
4132
3970
4133
3971
4134
3972
4135
3973
4136
3974
4137
3975
4138
3976
4139
3977
4140
3978
4141
3979
4142
3980
4143
3981
4144
3982
4145
3983
4146
3984
4147
3985
4148
3986
4149
3987
4150
3988
4151
3989
4152
3990
4153
3991
4154
3992
4155
3993
4156
3994
4157
3995
4158
3996
4159
3997
4160
3998
4161
3999
4162
4000
4163
4001
4164
4002
4165
4003
4166
4004
4167
4005
4168
4006
4169
4007
4170
4008
4171
4009
4172
4010
4173
4011
4174
4012
4175
4013
4176
4014
4177
4015
4178
4016
4179
4017
4180
4018
4181
4019
4182
4020
4183
4021
4184
4022
4185
4023
4186
4024
4187
4025
4188
4026
4189
4027
4190
4028
4191
4029
4192
4030
4193
4031
4194
4032
4195
4033
4196
4034
4197
4035
4198
4036
4199
4037
4200
4038
4201
4039
4202
4040
4203
4041
4204
4042
4205
4043
4206
4044
4207
4045
4208
4046
4209
4047
4210
4048
4211
4049
4212
4050
4213
4051
4214
4052
4215
4053
4216
4054
4217
4055
4218
4056
4219
4057
4220
4058
4221
4059
4222
4060
4223
4061
4224
4062
4225
4063
4226
4064
4227
4065
4228
4066
4229
4067
4230
4068
4231
4069
4232
4070
4233
4071
4234
4072
4235
4073
4236
4074
4237
4075
4238
4076
4239
4077
4240
4078
4241
4079
4242
4080
4243
4081
4244
4082
4245
4083
4246
4084
4247
4085
4248
4086
4249
4087
4250
4088
4251
4089
4252
4090
4253
4091
4254
4092
4255
4093
4256
4094
4257
4095
4258
4096
4259
4097
4260
4098
4261
4099
4262
4263
4101
4264
4102
4265
4103
4266
4104
4267
4105
4268
4106
4269
4107
4270
4108
4271
4109
4272
4110
4273
4111
4274
4112
4275
4113
4276
4114
4277
4115
4278
4116
4279
4117
4280
4118
4281
4119
4282
4120
4283
4121
4284
4122
4285
4123
4286
4124
4287
4125
4288
4126
4289
4127
4290
4128
4291
4129
4292
4130
4293
4131
4294
4132
4295
4133
4296
4134
4297
4135
4298
4136
4299
4137
4300
4138
4301
4139
4302
4140
4303
4141
4304
4142
4305
4143
4306
4144
4307
4145
4308
4146
4309
4147
4310
4148
4311
4149
4312
4150
4313
4151
4314
4152
4315
4153
4316
4154
4317
4155
4318
4156
4319
4157
4320
4158
4321
4159
4322
4160
4323
4161
4324
4162
4325
4163
4326
4164
4327
4165
4328
4166
4329
4167
4330
4168
4331
4169
4332
4170
4333
4171
4334
4172
4335
4173
4336
4174
4337
4175
4338
4176
4339
4177
4340
4178
4341
4179
4342
4180
4343
4181
4344
4182
4345
4183
4346
4184
4347
4185
4348
4186
4349
4187
4350
4188
4351
4189
4352
4190
4353
4191
4354
4192
4355
4193
4356
4194
4357
4195
4358
4196
4359
4197
4360
4198
4361
4199
4362
4200
4363
4201
4364
4202
4365
4203
4366
4204
4367
4205
4368
4206
4369
4207
4370
4208
4371
4209
4372
4210
4373
4211
4374
4212
4375
4213
4376
4214
4377
4215
4378
4216
4379
4217
4380
4218
4381
4219
4382
4220
4383
4221
4384
4222
4385
4223
4386
4224
4387
4225
4388
4226
4389
4227
4390
4228
4391
4229
4392
4230
4393
4231
4394
4232
4395
4233
4396
4234
4397
4235
4398
4236
4399
4237
4400
4238
4401
4239
4402
4240
4403
4241
4404
4242
4405
4243
4406
4244
4407
4245
4408
4246
4409
4247
4410
4248
4411
4249
4412
4250
4413
4251
4414
4252
4415
4253
4416
4254
4417
4255
4418
4256
4419
4257
4420
4258
4421
4259
4422
4260
4423
4261
4424
4262
4425
4263
4426
4427
4265
4428
4266
4429
4267
4430
4268
4431
4269
4432
4270
4433
4271
4434
4272
4435
4273
4436
4274
4437
4275
4438
4276
4439
4277
4440
4278
4441
4279
4442
4280
4443
4281
4444
4282
4445
4283
4446
4284
4447
4285
4448
4286
4449
4287
4450
4288
4451
4289
4452
4290
4453
4291
4454
4292
4455
4293
4456
4294
4457
4295
4458
4296
4459
4297
4460
4298
4461
4299
4462
4300
4463
4301
4464
4302
4465
4303
4466
4304
4467
4305
4468
4306
4469
4307
4470
4308
4471
4309
4472
4310
4473
4311
4474
4312
4475
4313
4476
4314
4477
4315
4478
4316
4479
4317
4480
4318
4481
4319
4482
4320
4483
4321
4484
4322
4485
4323
4486
4324
4487
4325
4488
4326
4489
4327
4490
4328
4491
4329
4492
4330
4493
4331
4494
4332
4495
4333
4496
4334
4497
4335
4498
4336
4499
4337
4500
4338
4501
4339
4502
4340
4503
4341
4504
4342
4505
4343
4506
4344
4507
4345
4508
4346
4509
4347
4510
4348
4511
4349
4512
4350
4513
4351
4514
4352
4515
4353
4516
4354
4517
4355
4518
4356
4519
4357
4520
4358
4521
4359
4522
4360
4523
4361
4524
4362
4525
4363
4526
4364
4527
4365
4528
4366
4529
4367
4530
4368
4531
4369
4532
4370
4533
4371
4534
4372
4535
4373
4536
4374
4537
4375
4538
4376
4539
4377
4540
4378
4541
4379
4542
4380
4543
4381
4544
4382
4545
4383
4546
4384
4547
4385
4548
4386
4549
4387
4550
4388
4551
4389
4552
4390
4553
4391
4554
4392
4555
4393
4556
4394
4557
4395
4558
4396
4559
4397
4560
4398
4561
4399
4562
4400
4563
4401
4564
4402
4565
4403
4566
4404
4567
4405
4568
4406
4569
4407
4570
4408
4571
4409
4572
4410
4573
4411
4574
4412
4575
4413
4576
4414
4577
4415
4578
4416
4579
4417
4580
4418
4581
4419
4582
4420
4583
4421
4584
4422
4585
4423
4586
4424
4587
4425
4588
4426
4589
4427
4590
4591
4429
4592
4430
4593
4431
4594
4432
4595
4433
4596
4434
4597
4435
4598
4436
4599
4437
4600
4438
4601
4439
4602
4440
4603
4441
4604
4442
4605
4443
4606
4444
4607
4445
4608
4446
4609
4447
4610
4448
4611
4449
4612
4450
4613
4451
4614
4452
4615
4453
4616
4454
4617
4455
4618
4456
4619
4457
4620
4458
4621
4459
4622
4460
4623
4461
4624
4462
4625
4463
4626
4464
4627
4465
4628
4466
4629
4467
4630
4468
4631
4469
4632
4470
4633
4471
4634
4472
4635
4473
4636
4474
4637
4475
4638
4476
4639
4477
4640
4478
4641
4479
4642
4480
4643
4481
4644
4482
4645
4483
4646
4484
4647
4485
4648
4486
4649
4487
4650
4488
4651
4489
4652
4490
4653
4491
4654
4492
4655
4493
4656
4494
4657
4495
4658
4496
4659
4497
4660
4498
4661
4499
4662
4500
4663
4501
4664
4502
4665
4503
4666
4504
4667
4505
4668
4506
4669
4507
4670
4508
4671
4509
4672
4510
4673
4511
4674
4512
4675
4513
4676
4514
4677
4515
4678
4516
4679
4517
4680
4518
4681
4519
4682
4520
4683
4521
4684
4522
4685
4523
4686
4524
4687
4525
4688
4526
4689
4527
4690
4528
4691
4529
4692
4530
4693
4531
4694
4532
4695
4533
4696
4534
4697
4535
4698
4536
4699
4537
4700
4538
4701
4539
4702
4540
4703
4541
4704
4542
4705
4543
4706
4544
4707
4545
4708
4546
4709
4547
4710
4548
4711
4549
4712
4550
4713
4551
4714
4552
4715
4553
4716
4554
4717
4555
4718
4556
4719
4557
4720
4558
4721
4559
4722
4560
4723
4561
4724
4562
4725
4563
4726
4564
4727
4565
4728
4566
4729
4567
4730
4568
4731
4569
4732
4570
4733
4571
4734
4572
4735
4573
4736
4574
4737
4575
4738
4576
4739
4577
4740
4578
4741
4579
4742
4580
4743
4581
4744
4582
4745
4583
4746
4584
4747
4585
4748
4586
4749
4587
4750
4588
4751
4589
4752
4590
4753
4591
4754
4755
4593
4756
4594
4757
4595
4758
4596
4759
4597
4760
4598
4761
4599
4762
4600
4763
4601
4764
4602
4765
4603
4766
4604
4767
4605
4768
4606
4769
4607
4770
4608
4771
4609
4772
4610
4773
4611
4774
4612
4775
4613
4776
4614
4777
4615
4778
4616
4779
4617
4780
4618
4781
4619
4782
4620
4783
4621
4784
4622
4785
4623
4786
4624
4787
4625
4788
4626
4789
4627
4790
4628
4791
4629
4792
4630
4793
4631
4794
4632
4795
4633
4796
4634
4797
4635
4798
4636
4799
4637
4800
4638
4801
4639
4802
4640
4803
4641
4804
4642
4805
4643
4806
4644
4807
4645
4808
4646
4809
4647
4810
4648
4811
4649
4812
4650
4813
4651
4814
4652
4815
4653
4816
4654
4817
4655
4818
4656
4819
4657
4820
4658
4821
4659
4822
4660
4823
4661
4824
4662
4825
4663
4826
4664
4827
4665
4828
4666
4829
4667
4830
4668
4831
4669
4832
4670
4833
4671
4834
4672
4835
4673
4836
4674
4837
4675
4838
4676
4839
4677
4840
4678
4841
4679
4842
4680
4843
4681
4844
4682
4845
4683
4846
4684
4847
4685
4848
4686
4849
4687
4850
4688
4851
4689
4852
4690
4853
4691
4854
4692
4855
4693
4856
4694
4857
4695
4858
4696
4859
4697
4860
4698
4861
4699
4862
4700
4863
4701
4864
4702
4865
4703
4866
4704
4867
4705
4868
4706
4869
4707
4870
4708
4871
4709
4872
4710
4873
4711
4874
4712
4875
4713
4876
4714
4877
4715
4878
4716
4879
4717
4880
4718
4881
4719
4882
4720
4883
4721
4884
4722
4885
4723
4886
4724
4887
4725
4888
4726
4889
4727
4890
4728
4891
4729
4892
4730
4893
4731
4894
4732
4895
4733
4896
4734
4897
4735
4898
4736
4899
4737
4900
4738
4901
4739
4902
4740
4903
4741
4904
4742
4905
4743
4906
4744
4907
4745
4908
4746
4909
4747
4910
4748
4911
4749
4912
4750
4913
4751
4914
4752
4915
4753
4916
4754
4917
4755
4918
4919
4757
4920
4758
4921
4759
4922
4760
4923
4761
4924
4762
4925
4763
4926
4764
4927
4765
4928
4766
4929
4767
4930
4768
4931
4769
4932
4770
4933
4771
4934
4772
4935
4773
4936
4774
4937
4775
4938
4776
4939
4777
4940
4778
4941
4779
4942
4780
4943
4781
4944
4782
4945
4783
4946
4784
4947
4785
4948
4786
4949
4787
4950
4788
4951
4789
4952
4790
4953
4791
4954
4792
4955
4793
4956
4794
4957
4795
4958
4796
4959
4797
4960
4798
4961
4799
4962
4800
4963
4801
4964
4802
4965
4803
4966
4804
4967
4805
4968
4806
4969
4807
4970
4808
4971
4809
4972
4810
4973
4811
4974
4812
4975
4813
4976
4814
4977
4815
4978
4816
4979
4817
4980
4818
4981
4819
4982
4820
4983
4821
4984
4822
4985
4823
4986
4824
4987
4825
4988
4826
4989
4827
4990
4828
4991
4829
4992
4830
4993
4831
4994
4832
4995
4833
4996
4834
4997
4835
4998
4836
4999
4837
5000
4838
5001
4839
5002
4840
5003
4841
5004
4842
5005
4843
5006
4844
5007
4845
5008
4846
5009
4847
5010
4848
5011
4849
5012
4850
5013
4851
5014
4852
5015
4853
5016
4854
5017
4855
5018
4856
5019
4857
5020
4858
5021
4859
5022
4860
5023
4861
5024
4862
5025
4863
5026
4864
5027
4865
5028
4866
5029
4867
5030
4868
5031
4869
5032
4870
5033
4871
5034
4872
5035
4873
5036
4874
5037
4875
5038
4876
5039
4877
5040
4878
5041
4879
5042
4880
5043
4881
5044
4882
5045
4883
5046
4884
5047
4885
5048
4886
5049
4887
5050
4888
5051
4889
5052
4890
5053
4891
5054
4892
5055
4893
5056
4894
5057
4895
5058
4896
5059
4897
5060
4898
5061
4899
5062
4900
5063
4901
5064
4902
5065
4903
5066
4904
5067
4905
5068
4906
5069
4907
5070
4908
5071
4909
5072
4910
5073
4911
5074
4912
5075
4913
5076
4914
5077
4915
5078
4916
5079
4917
5080
4918
5081
4919
5082
5083
4921
5084
4922
5085
4923
5086
4924
5087
4925
5088
4926
5089
4927
5090
4928
5091
4929
5092
4930
5093
4931
5094
4932
5095
4933
5096
4934
5097
4935
5098
4936
5099
4937
5100
4938
5101
4939
5102
4940
5103
4941
5104
4942
5105
4943
5106
4944
5107
4945
5108
4946
5109
4947
5110
4948
5111
4949
5112
4950
5113
4951
5114
4952
5115
4953
5116
4954
5117
4955
5118
4956
5119
4957
5120
4958
5121
4959
5122
4960
5123
4961
5124
4962
5125
4963
5126
4964
5127
4965
5128
4966
5129
4967
5130
4968
5131
4969
5132
4970
5133
4971
5134
4972
5135
4973
5136
4974
5137
4975
5138
4976
5139
4977
5140
4978
5141
4979
5142
4980
5143
4981
5144
4982
5145
4983
5146
4984
5147
4985
5148
4986
5149
4987
5150
4988
5151
4989
5152
4990
5153
4991
5154
4992
5155
4993
5156
4994
5157
4995
5158
4996
5159
4997
5160
4998
5161
4999
5162
5000
5163
5001
5164
5002
5165
5003
5166
5004
5167
5005
5168
5006
5169
5007
5170
5008
5171
5009
5172
5010
5173
5011
5174
5012
5175
5013
5176
5014
5177
5015
5178
5016
5179
5017
5180
5018
5181
5019
5182
5020
5183
5021
5184
5022
5185
5023
5186
5024
5187
5025
5188
5026
5189
5027
5190
5028
5191
5029
5192
5030
5193
5031
5194
5032
5195
5033
5196
5034
5197
5035
5198
5036
5199
5037
5200
5038
5201
5039
5202
5040
5203
5041
5204
5042
5205
5043
5206
5044
5207
5045
5208
5046
5209
5047
5210
5048
5211
5049
5212
5050
5213
5051
5214
5052
5215
5053
5216
5054
5217
5055
5218
5056
5219
5057
5220
5058
5221
5059
5222
5060
5223
5061
5224
5062
5225
5063
5226
5064
5227
5065
5228
5066
5229
5067
5230
5068
5231
5069
5232
5070
5233
5071
5234
5072
5235
5073
5236
5074
5237
5075
5238
5076
5239
5077
5240
5078
5241
5079
5242
5080
5243
5081
5244
5082
5245
5083
5246
5247
5085
5248
5086
5249
5087
5250
5088
5251
5089
5252
5090
5253
5091
5254
5092
5255
5093
5256
5094
5257
5095
5258
5096
5259
5097
5260
5098
5261
5099
5262
5100
5263
5101
5264
5102
5265
5103
5266
5104
5267
5105
5268
5106
5269
5107
5270
5108
5271
5109
5272
5110
5273
5111
5274
5112
5275
5113
5276
5114
5277
5115
5278
5116
5279
5117
5280
5118
5281
5119
5282
5120
5283
5121
5284
5122
5285
5123
5286
5124
5287
5125
5288
5126
5289
5127
5290
5128
5291
5129
5292
5130
5293
5131
5294
5132
5295
5133
5296
5134
5297
5135
5298
5136
5299
5137
5300
5138
5301
5139
5302
5140
5303
5141
5304
5142
5305
5143
5306
5144
5307
5145
5308
5146
5309
5147
5310
5148
5311
5149
5312
5150
5313
5151
5314
5152
5315
5153
5316
5154
5317
5155
5318
5156
5319
5157
5320
5158
5321
5159
5322
5160
5323
5161
5324
5162
5325
5163
5326
5164
5327
5165
5328
5166
5329
5167
5330
5168
5331
5169
5332
5170
5333
5171
5334
5172
5335
5173
5336
5174
5337
5175
5338
5176
5339
5177
5340
5178
5341
5179
5342
5180
5343
5181
5344
5182
5345
5183
5346
5184
5347
5185
5348
5186
5349
5187
5350
5188
5351
5189
5352
5190
5353
5191
5354
5192
5355
5193
5356
5194
5357
5195
5358
5196
5359
5197
5360
5198
5361
5199
5362
5200
5363
5201
5364
5202
5365
5203
5366
5204
5367
5205
5368
5206
5369
5207
5370
5208
5371
5209
5372
5210
5373
5211
5374
5212
5375
5213
5376
5214
5377
5215
5378
5216
5379
5217
5380
5218
5381
5219
5382
5220
5383
5221
5384
5222
5385
5223
5386
5224
5387
5225
5388
5226
5389
5227
5390
5228
5391
5229
5392
5230
5393
5231
5394
5232
5395
5233
5396
5234
5397
5235
5398
5236
5399
5237
5400
5238
5401
5239
5402
5240
5403
5241
5404
5242
5405
5243
5406
5244
5407
5245
5408
5246
5409
5247
5410
5411
5249
5412
5250
5413
5251
5414
5252
5415
5253
5416
5254
5417
5255
5418
5256
5419
5257
5420
5258
5421
5259
5422
5260
5423
5261
5424
5262
5425
5263
5426
5264
5427
5265
5428
5266
5429
5267
5430
5268
5431
5269
5432
5270
5433
5271
5434
5272
5435
5273
5436
5274
5437
5275
5438
5276
5439
5277
5440
5278
5441
5279
5442
5280
5443
5281
5444
5282
5445
5283
5446
5284
5447
5285
5448
5286
5449
5287
5450
5288
5451
5289
5452
5290
5453
5291
5454
5292
5455
5293
5456
5294
5457
5295
5458
5296
5459
5297
5460
5298
5461
5299
5462
5300
5463
5301
5464
5302
5465
5303
5466
5304
5467
5305
5468
5306
5469
5307
5470
5308
5471
5309
5472
5310
5473
5311
5474
5312
5475
5313
5476
5314
5477
5315
5478
5316
5479
5317
5480
5318
5481
5319
5482
5320
5483
5321
5484
5322
5485
5323
5486
5324
5487
5325
5488
5326
5489
5327
5490
5328
5491
5329
5492
5330
5493
5331
5494
5332
5495
5333
5496
5334
5497
5335
5498
5336
5499
5337
5500
5338
5501
5339
5502
5340
5503
5341
5504
5342
5505
5343
5506
5344
5507
5345
5508
5346
5509
5347
5510
5348
5511
5349
5512
5350
5513
5351
5514
5352
5515
5353
5516
5354
5517
5355
5518
5356
5519
5357
5520
5358
5521
5359
5522
5360
5523
5361
5524
5362
5525
5363
5526
5364
5527
5365
5528
5366
5529
5367
5530
5368
5531
5369
5532
5370
5533
5371
5534
5372
5535
5373
5536
5374
5537
5375
5538
5376
5539
5377
5540
5378
5541
5379
5542
5380
5543
5381
5544
5382
5545
5383
5546
5384
5547
5385
5548
5386
5549
5387
5550
5388
5551
5389
5552
5390
5553
5391
5554
5392
5555
5393
5556
5394
5557
5395
5558
5396
5559
5397
5560
5398
5561
5399
5562
5400
5563
5401
5564
5402
5565
5403
5566
5404
5567
5405
5568
5406
5569
5407
5570
5408
5571
5409
5572
5410
5573
5411
5574
5575
5413
5576
5414
5577
5415
5578
5416
5579
5417
5580
5418
5581
5419
5582
5420
5583
5421
5584
5422
5585
5423
5586
5424
5587
5425
5588
5426
5589
5427
5590
5428
5591
5429
5592
5430
5593
5431
5594
5432
5595
5433
5596
5434
5597
5435
5598
5436
5599
5437
5600
5438
5601
5439
5602
5440
5603
5441
5604
5442
5605
5443
5606
5444
5607
5445
5608
5446
5609
5447
5610
5448
5611
5449
5612
5450
5613
5451
5614
5452
5615
5453
5616
5454
5617
5455
5618
5456
5619
5457
5620
5458
5621
5459
5622
5460
5623
5461
5624
5462
5625
5463
5626
5464
5627
5465
5628
5466
5629
5467
5630
5468
5631
5469
5632
5470
5633
5471
5634
5472
5635
5473
5636
5474
5637
5475
5638
5476
5639
5477
5640
5478
5641
5479
5642
5480
5643
5481
5644
5482
5645
5483
5646
5484
5647
5485
5648
5486
5649
5487
5650
5488
5651
5489
5652
5490
5653
5491
5654
5492
5655
5493
5656
5494
5657
5495
5658
5496
5659
5497
5660
5498
5661
5499
5662
5500
5663
5501
5664
5502
5665
5503
5666
5504
5667
5505
5668
5506
5669
5507
5670
5508
5671
5509
5672
5510
5673
5511
5674
5512
5675
5513
5676
5514
5677
5515
5678
5516
5679
5517
5680
5518
5681
5519
5682
5520
5683
5521
5684
5522
5685
5523
5686
5524
5687
5525
5688
5526
5689
5527
5690
5528
5691
5529
5692
5530
5693
5531
5694
5532
5695
5533
5696
5534
5697
5535
5698
5536
5699
5537
5700
5538
5701
5539
5702
5540
5703
5541
5704
5542
5705
5543
5706
5544
5707
5545
5708
5546
5709
5547
5710
5548
5711
5549
5712
5550
5713
5551
5714
5552
5715
5553
5716
5554
5717
5555
5718
5556
5719
5557
5720
5558
5721
5559
5722
5560
5723
5561
5724
5562
5725
5563
5726
5564
5727
5565
5728
5566
5729
5567
5730
5568
5731
5569
5732
5570
5733
5571
5734
5572
5735
5573
5736
5574
5737
5575
5738
5739
5577
5740
5578
5741
5579
5742
5580
5743
5581
5744
5582
5745
5583
5746
5584
5747
5585
5748
5586
5749
5587
5750
5588
5751
5589
5752
5590
5753
5591
5754
5592
5755
5593
5756
5594
5757
5595
5758
5596
5759
5597
5760
5598
5761
5599
5762
5600
5763
5601
5764
5602
5765
5603
5766
5604
5767
5605
5768
5606
5769
5607
5770
5608
5771
5609
5772
5610
5773
5611
5774
5612
5775
5613
5776
5614
5777
5615
5778
5616
5779
5617
5780
5618
5781
5619
5782
5620
5783
5621
5784
5622
5785
5623
5786
5624
5787
5625
5788
5626
5789
5627
5790
5628
5791
5629
5792
5630
5793
5631
5794
5632
5795
5633
5796
5634
5797
5635
5798
5636
5799
5637
5800
5638
5801
5639
5802
5640
5803
5641
5804
5642
5805
5643
5806
5644
5807
5645
5808
5646
5809
5647
5810
5648
5811
5649
5812
5650
5813
5651
5814
5652
5815
5653
5816
5654
5817
5655
5818
5656
5819
5657
5820
5658
5821
5659
5822
5660
5823
5661
5824
5662
5825
5663
5826
5664
5827
5665
5828
5666
5829
5667
5830
5668
5831
5669
5832
5670
5833
5671
5834
5672
5835
5673
5836
5674
5837
5675
5838
5676
5839
5677
5840
5678
5841
5679
5842
5680
5843
5681
5844
5682
5845
5683
5846
5684
5847
5685
5848
5686
5849
5687
5850
5688
5851
5689
5852
5690
5853
5691
5854
5692
5855
5693
5856
5694
5857
5695
5858
5696
5859
5697
5860
5698
5861
5699
5862
5700
5863
5701
5864
5702
5865
5703
5866
5704
5867
5705
5868
5706
5869
5707
5870
5708
5871
5709
5872
5710
5873
5711
5874
5712
5875
5713
5876
5714
5877
5715
5878
5716
5879
5717
5880
5718
5881
5719
5882
5720
5883
5721
5884
5722
5885
5723
5886
5724
5887
5725
5888
5726
5889
5727
5890
5728
5891
5729
5892
5730
5893
5731
5894
5732
5895
5733
5896
5734
5897
5735
5898
5736
5899
5737
5900
5738
5901
5739
5902
5903
5741
5904
5742
5905
5743
5906
5744
5907
5745
5908
5746
5909
5747
5910
5748
5911
5749
5912
5750
5913
5751
5914
5752
5915
5753
5916
5754
5917
5755
5918
5756
5919
5757
5920
5758
5921
5759
5922
5760
5923
5761
5924
5762
5925
5763
5926
5764
5927
5765
5928
5766
5929
5767
5930
5768
5931
5769
5932
5770
5933
5771
5934
5772
5935
5773
5936
5774
5937
5775
5938
5776
5939
5777
5940
5778
5941
5779
5942
5780
5943
5781
5944
5782
5945
5783
5946
5784
5947
5785
5948
5786
5949
5787
5950
5788
5951
5789
5952
5790
5953
5791
5954
5792
5955
5793
5956
5794
5957
5795
5958
5796
5959
5797
5960
5798
5961
5799
5962
5800
5963
5801
5964
5802
5965
5803
5966
5804
5967
5805
5968
5806
5969
5807
5970
5808
5971
5809
5972
5810
5973
5811
5974
5812
5975
5813
5976
5814
5977
5815
5978
5816
5979
5817
5980
5818
5981
5819
5982
5820
5983
5821
5984
5822
5985
5823
5986
5824
5987
5825
5988
5826
5989
5827
5990
5828
5991
5829
5992
5830
5993
5831
5994
5832
5995
5833
5996
5834
5997
5835
5998
5836
5999
5837
6000
5838
6001
5839
6002
5840
6003
5841
6004
5842
6005
5843
6006
5844
6007
5845
6008
5846
6009
5847
6010
5848
6011
5849
6012
5850
6013
5851
6014
5852
6015
5853
6016
5854
6017
5855
6018
5856
6019
5857
6020
5858
6021
5859
6022
5860
6023
5861
6024
5862
6025
5863
6026
5864
6027
5865
6028
5866
6029
5867
6030
5868
6031
5869
6032
5870
6033
5871
6034
5872
6035
5873
6036
5874
6037
5875
6038
5876
6039
5877
6040
5878
6041
5879
6042
5880
6043
5881
6044
5882
6045
5883
6046
5884
6047
5885
6048
5886
6049
5887
6050
5888
6051
5889
6052
5890
6053
5891
6054
5892
6055
5893
6056
5894
6057
5895
6058
5896
6059
5897
6060
5898
6061
5899
6062
5900
6063
5901
6064
5902
6065
5903
6066
6067
5905
6068
5906
6069
5907
6070
5908
6071
5909
6072
5910
6073
5911
6074
5912
6075
5913
6076
5914
6077
5915
6078
5916
6079
5917
6080
5918
6081
5919
6082
5920
6083
5921
6084
5922
6085
5923
6086
5924
6087
5925
6088
5926
6089
5927
6090
5928
6091
5929
6092
5930
6093
5931
6094
5932
6095
5933
6096
5934
6097
5935
6098
5936
6099
5937
6100
5938
6101
5939
6102
5940
6103
5941
6104
5942
6105
5943
6106
5944
6107
5945
6108
5946
6109
5947
6110
5948
6111
5949
6112
5950
6113
5951
6114
5952
6115
5953
6116
5954
6117
5955
6118
5956
6119
5957
6120
5958
6121
5959
6122
5960
6123
5961
6124
5962
6125
5963
6126
5964
6127
5965
6128
5966
6129
5967
6130
5968
6131
5969
6132
5970
6133
5971
6134
5972
6135
5973
6136
5974
6137
5975
6138
5976
6139
5977
6140
5978
6141
5979
6142
5980
6143
5981
6144
5982
6145
5983
6146
5984
6147
5985
6148
5986
6149
5987
6150
5988
6151
5989
6152
5990
6153
5991
6154
5992
6155
5993
6156
5994
6157
5995
6158
5996
6159
5997
6160
5998
6161
5999
6162
6000
6163
6001
6164
6002
6165
6003
6166
6004
6167
6005
6168
6006
6169
6007
6170
6008
6171
6009
6172
6010
6173
6011
6174
6012
6175
6013
6176
6014
6177
6015
6178
6016
6179
6017
6180
6018
6181
6019
6182
6020
6183
6021
6184
6022
6185
6023
6186
6024
6187
6025
6188
6026
6189
6027
6190
6028
6191
6029
6192
6030
6193
6031
6194
6032
6195
6033
6196
6034
6197
6035
6198
6036
6199
6037
6200
6038
6201
6039
6202
6040
6203
6041
6204
6042
6205
6043
6206
6044
6207
6045
6208
6046
6209
6047
6210
6048
6211
6049
6212
6050
6213
6051
6214
6052
6215
6053
6216
6054
6217
6055
6218
6056
6219
6057
6220
6058
6221
6059
6222
6060
6223
6061
6224
6062
6225
6063
6226
6064
6227
6065
6228
6066
6229
6067
6230
6231
6069
6232
6070
6233
6071
6234
6072
6235
6073
6236
6074
6237
6075
6238
6076
6239
6077
6240
6078
6241
6079
6242
6080
6243
6081
6244
6082
6245
6083
6246
6084
6247
6085
6248
6086
6249
6087
6250
6088
6251
6089
6252
6090
6253
6091
6254
6092
6255
6093
6256
6094
6257
6095
6258
6096
6259
6097
6260
6098
6261
6099
6262
6100
6263
6101
6264
6102
6265
6103
6266
6104
6267
6105
6268
6106
6269
6107
6270
6108
6271
6109
6272
6110
6273
6111
6274
6112
6275
6113
6276
6114
6277
6115
6278
6116
6279
6117
6280
6118
6281
6119
6282
6120
6283
6121
6284
6122
6285
6123
6286
6124
6287
6125
6288
6126
6289
6127
6290
6128
6291
6129
6292
6130
6293
6131
6294
6132
6295
6133
6296
6134
6297
6135
6298
6136
6299
6137
6300
6138
6301
6139
6302
6140
6303
6141
6304
6142
6305
6143
6306
6144
6307
6145
6308
6146
6309
6147
6310
6148
6311
6149
6312
6150
6313
6151
6314
6152
6315
6153
6316
6154
6317
6155
6318
6156
6319
6157
6320
6158
6321
6159
6322
6160
6323
6161
6324
6162
6325
6163
6326
6164
6327
6165
6328
6166
6329
6167
6330
6168
6331
6169
6332
6170
6333
6171
6334
6172
6335
6173
6336
6174
6337
6175
6338
6176
6339
6177
6340
6178
6341
6179
6342
6180
6343
6181
6344
6182
6345
6183
6346
6184
6347
6185
6348
6186
6349
6187
6350
6188
6351
6189
6352
6190
6353
6191
6354
6192
6355
6193
6356
6194
6357
6195
6358
6196
6359
6197
6360
6198
6361
6199
6362
6200
6363
6201
6364
6202
6365
6203
6366
6204
6367
6205
6368
6206
6369
6207
6370
6208
6371
6209
6372
6210
6373
6211
6374
6212
6375
6213
6376
6214
6377
6215
6378
6216
6379
6217
6380
6218
6381
6219
6382
6220
6383
6221
6384
6222
6385
6223
6386
6224
6387
6225
6388
6226
6389
6227
6390
6228
6391
6229
6392
6230
6393
6231
6394
6395
6233
6396
6234
6397
6235
6398
6236
6399
6237
6400
6238
6401
6239
6402
6240
6403
6241
6404
6242
6405
6243
6406
6244
6407
6245
6408
6246
6409
6247
6410
6248
6411
6249
6412
6250
6413
6251
6414
6252
6415
6253
6416
6254
6417
6255
6418
6256
6419
6257
6420
6258
6421
6259
6422
6260
6423
6261
6424
6262
6425
6263
6426
6264
6427
6265
6428
6266
6429
6267
6430
6268
6431
6269
6432
6270
6433
6271
6434
6272
6435
6273
6436
6274
6437
6275
6438
6276
6439
6277
6440
6278
6441
6279
6442
6280
6443
6281
6444
6282
6445
6283
6446
6284
6447
6285
6448
6286
6449
6287
6450
6288
6451
6289
6452
6290
6453
6291
6454
6292
6455
6293
6456
6294
6457
6295
6458
6296
6459
6297
6460
6298
6461
6299
6462
6300
6463
6301
6464
6302
6465
6303
6466
6304
6467
6305
6468
6306
6469
6307
6470
6308
6471
6309
6472
6310
6473
6311
6474
6312
6475
6313
6476
6314
6477
6315
6478
6316
6479
6317
6480
6318
6481
6319
6482
6320
6483
6321
6484
6322
6485
6323
6486
6324
6487
6325
6488
6326
6489
6327
6490
6328
6491
6329
6492
6330
6493
6331
6494
6332
6495
6333
6496
6334
6497
6335
6498
6336
6499
6337
6500
6338
6501
6339
6502
6340
6503
6341
6504
6342
6505
6343
6506
6344
6507
6345
6508
6346
6509
6347
6510
6348
6511
6349
6512
6350
6513
6351
6514
6352
6515
6353
6516
6354
6517
6355
6518
6356
6519
6357
6520
6358
6521
6359
6522
6360
6523
6361
6524
6362
6525
6363
6526
6364
6527
6365
6528
6366
6529
6367
6530
6368
6531
6369
6532
6370
6533
6371
6534
6372
6535
6373
6536
6374
6537
6375
6538
6376
6539
6377
6540
6378
6541
6379
6542
6380
6543
6381
6544
6382
6545
6383
6546
6384
6547
6385
6548
6386
6549
6387
6550
6388
6551
6389
6552
6390
6553
6391
6554
6392
6555
6393
6556
6394
6557
6395
6558
6559
6397
6398
6399
6400
6401
6402
6403
6404
6405
6406
6407
6408
6409
6410
6411
6412
6413
6414
6415
6416
6417
6418
6419
6420
6421
6422
6423
6424
6425
6426
6427
6428
6429
6430
6431
6432
6433
6434
6435
6436
6437
6438
6439
6440
6441
6442
6443
6444
6445
6446
6447
6448
6449
6450
6451
6452
6453
6454
6455
6456
6457
6458
6459
6460
6461
6462
6463
6464
6465
6466
6467
6468
6469
6470
6471
6472
6473
6474
6475
6476
6477
6478
6479
6480
6481
6482
6483
6484
6485
6486
6487
6488
6489
6490
6491
6492
6493
6494
6495
6496
6497
6498
6499
6500
6501
6502
6503
6504
6505
6506
6507
6508
6509
6510
6511
6512
6513
6514
6515
6516
6517
6518
6519
6520
6521
6522
6523
6524
6525
6526
6527
6528
6529
6530
6531
6532
6533
6534
6535
6536
6537
6538
6539
6540
6541
6542
6543
6544
6545
6546
6547
6548
6549
6550
6551
6552
6553
6554
6555
6556
6557
6558
6559
)


// ************************************************************************* //
