/*--------------------------------*- C++ -*----------------------------------*\
  =========                 |
  \\      /  F ield         | OpenFOAM: The Open Source CFD Toolbox
   \\    /   O peration     | Website:  https://openfoam.org
    \\  /    A nd           | Version:  10
     \\/     M anipulation  |
\*---------------------------------------------------------------------------*/
FoamFile
{
    format      ascii;
    class       vectorField;
    location    "constant/polyMesh";
    object      points;
}
// * * * * * * * * * * * * * * * * * * * * * * * * * * * * * * * * * * * * * //


462
(
(-0.15242 0 -0.005)
(-0.137178 0 -0.005)
(-0.121936 0 -0.005)
(-0.106694 0 -0.005)
(-0.091452 0 -0.005)
(-0.07621 0 -0.005)
(-0.060968 0 -0.005)
(-0.045726 0 -0.005)
(-0.030484 0 -0.005)
(-0.015242 0 -0.005)
(0 0 -0.005)
(-0.15242 0.01524 -0.005)
(-0.137178 0.01524 -0.005)
(-0.121936 0.01524 -0.005)
(-0.106694 0.01524 -0.005)
(-0.091452 0.01524 -0.005)
(-0.07621 0.01524 -0.005)
(-0.060968 0.01524 -0.005)
(-0.045726 0.01524 -0.005)
(-0.030484 0.01524 -0.005)
(-0.015242 0.01524 -0.005)
(0 0.01524 -0.005)
(-0.15242 0.03048 -0.005)
(-0.137178 0.03048 -0.005)
(-0.121936 0.03048 -0.005)
(-0.106694 0.03048 -0.005)
(-0.091452 0.03048 -0.005)
(-0.07621 0.03048 -0.005)
(-0.060968 0.03048 -0.005)
(-0.045726 0.03048 -0.005)
(-0.030484 0.03048 -0.005)
(-0.015242 0.03048 -0.005)
(0 0.03048 -0.005)
(-0.15242 0.04572 -0.005)
(-0.137178 0.04572 -0.005)
(-0.121936 0.04572 -0.005)
(-0.106694 0.04572 -0.005)
(-0.091452 0.04572 -0.005)
(-0.07621 0.04572 -0.005)
(-0.060968 0.04572 -0.005)
(-0.045726 0.04572 -0.005)
(-0.030484 0.04572 -0.005)
(-0.015242 0.04572 -0.005)
(0 0.04572 -0.005)
(-0.15242 0.06096 -0.005)
(-0.137178 0.06096 -0.005)
(-0.121936 0.06096 -0.005)
(-0.106694 0.06096 -0.005)
(-0.091452 0.06096 -0.005)
(-0.07621 0.06096 -0.005)
(-0.060968 0.06096 -0.005)
(-0.045726 0.06096 -0.005)
(-0.030484 0.06096 -0.005)
(-0.015242 0.06096 -0.005)
(0 0.06096 -0.005)
(-0.15242 0.0762 -0.005)
(-0.137178 0.0762 -0.005)
(-0.121936 0.0762 -0.005)
(-0.106694 0.0762 -0.005)
(-0.091452 0.0762 -0.005)
(-0.07621 0.0762 -0.005)
(-0.060968 0.0762 -0.005)
(-0.045726 0.0762 -0.005)
(-0.030484 0.0762 -0.005)
(-0.015242 0.0762 -0.005)
(0 0.0762 -0.005)
(-0.15242 0.09144 -0.005)
(-0.137178 0.09144 -0.005)
(-0.121936 0.09144 -0.005)
(-0.106694 0.09144 -0.005)
(-0.091452 0.09144 -0.005)
(-0.07621 0.09144 -0.005)
(-0.060968 0.09144 -0.005)
(-0.045726 0.09144 -0.005)
(-0.030484 0.09144 -0.005)
(-0.015242 0.09144 -0.005)
(0 0.09144 -0.005)
(-0.15242 0.10668 -0.005)
(-0.137178 0.10668 -0.005)
(-0.121936 0.10668 -0.005)
(-0.106694 0.10668 -0.005)
(-0.091452 0.10668 -0.005)
(-0.07621 0.10668 -0.005)
(-0.060968 0.10668 -0.005)
(-0.045726 0.10668 -0.005)
(-0.030484 0.10668 -0.005)
(-0.015242 0.10668 -0.005)
(0 0.10668 -0.005)
(-0.15242 0.12192 -0.005)
(-0.137178 0.12192 -0.005)
(-0.121936 0.12192 -0.005)
(-0.106694 0.12192 -0.005)
(-0.091452 0.12192 -0.005)
(-0.07621 0.12192 -0.005)
(-0.060968 0.12192 -0.005)
(-0.045726 0.12192 -0.005)
(-0.030484 0.12192 -0.005)
(-0.015242 0.12192 -0.005)
(0 0.12192 -0.005)
(-0.15242 0.13716 -0.005)
(-0.137178 0.13716 -0.005)
(-0.121936 0.13716 -0.005)
(-0.106694 0.13716 -0.005)
(-0.091452 0.13716 -0.005)
(-0.07621 0.13716 -0.005)
(-0.060968 0.13716 -0.005)
(-0.045726 0.13716 -0.005)
(-0.030484 0.13716 -0.005)
(-0.015242 0.13716 -0.005)
(0 0.13716 -0.005)
(-0.15242 0.1524 -0.005)
(-0.137178 0.1524 -0.005)
(-0.121936 0.1524 -0.005)
(-0.106694 0.1524 -0.005)
(-0.091452 0.1524 -0.005)
(-0.07621 0.1524 -0.005)
(-0.060968 0.1524 -0.005)
(-0.045726 0.1524 -0.005)
(-0.030484 0.1524 -0.005)
(-0.015242 0.1524 -0.005)
(0 0.1524 -0.005)
(-0.15242 0 0.005)
(-0.137178 0 0.005)
(-0.121936 0 0.005)
(-0.106694 0 0.005)
(-0.091452 0 0.005)
(-0.07621 0 0.005)
(-0.060968 0 0.005)
(-0.045726 0 0.005)
(-0.030484 0 0.005)
(-0.015242 0 0.005)
(0 0 0.005)
(-0.15242 0.01524 0.005)
(-0.137178 0.01524 0.005)
(-0.121936 0.01524 0.005)
(-0.106694 0.01524 0.005)
(-0.091452 0.01524 0.005)
(-0.07621 0.01524 0.005)
(-0.060968 0.01524 0.005)
(-0.045726 0.01524 0.005)
(-0.030484 0.01524 0.005)
(-0.015242 0.01524 0.005)
(0 0.01524 0.005)
(-0.15242 0.03048 0.005)
(-0.137178 0.03048 0.005)
(-0.121936 0.03048 0.005)
(-0.106694 0.03048 0.005)
(-0.091452 0.03048 0.005)
(-0.07621 0.03048 0.005)
(-0.060968 0.03048 0.005)
(-0.045726 0.03048 0.005)
(-0.030484 0.03048 0.005)
(-0.015242 0.03048 0.005)
(0 0.03048 0.005)
(-0.15242 0.04572 0.005)
(-0.137178 0.04572 0.005)
(-0.121936 0.04572 0.005)
(-0.106694 0.04572 0.005)
(-0.091452 0.04572 0.005)
(-0.07621 0.04572 0.005)
(-0.060968 0.04572 0.005)
(-0.045726 0.04572 0.005)
(-0.030484 0.04572 0.005)
(-0.015242 0.04572 0.005)
(0 0.04572 0.005)
(-0.15242 0.06096 0.005)
(-0.137178 0.06096 0.005)
(-0.121936 0.06096 0.005)
(-0.106694 0.06096 0.005)
(-0.091452 0.06096 0.005)
(-0.07621 0.06096 0.005)
(-0.060968 0.06096 0.005)
(-0.045726 0.06096 0.005)
(-0.030484 0.06096 0.005)
(-0.015242 0.06096 0.005)
(0 0.06096 0.005)
(-0.15242 0.0762 0.005)
(-0.137178 0.0762 0.005)
(-0.121936 0.0762 0.005)
(-0.106694 0.0762 0.005)
(-0.091452 0.0762 0.005)
(-0.07621 0.0762 0.005)
(-0.060968 0.0762 0.005)
(-0.045726 0.0762 0.005)
(-0.030484 0.0762 0.005)
(-0.015242 0.0762 0.005)
(0 0.0762 0.005)
(-0.15242 0.09144 0.005)
(-0.137178 0.09144 0.005)
(-0.121936 0.09144 0.005)
(-0.106694 0.09144 0.005)
(-0.091452 0.09144 0.005)
(-0.07621 0.09144 0.005)
(-0.060968 0.09144 0.005)
(-0.045726 0.09144 0.005)
(-0.030484 0.09144 0.005)
(-0.015242 0.09144 0.005)
(0 0.09144 0.005)
(-0.15242 0.10668 0.005)
(-0.137178 0.10668 0.005)
(-0.121936 0.10668 0.005)
(-0.106694 0.10668 0.005)
(-0.091452 0.10668 0.005)
(-0.07621 0.10668 0.005)
(-0.060968 0.10668 0.005)
(-0.045726 0.10668 0.005)
(-0.030484 0.10668 0.005)
(-0.015242 0.10668 0.005)
(0 0.10668 0.005)
(-0.15242 0.12192 0.005)
(-0.137178 0.12192 0.005)
(-0.121936 0.12192 0.005)
(-0.106694 0.12192 0.005)
(-0.091452 0.12192 0.005)
(-0.07621 0.12192 0.005)
(-0.060968 0.12192 0.005)
(-0.045726 0.12192 0.005)
(-0.030484 0.12192 0.005)
(-0.015242 0.12192 0.005)
(0 0.12192 0.005)
(-0.15242 0.13716 0.005)
(-0.137178 0.13716 0.005)
(-0.121936 0.13716 0.005)
(-0.106694 0.13716 0.005)
(-0.091452 0.13716 0.005)
(-0.07621 0.13716 0.005)
(-0.060968 0.13716 0.005)
(-0.045726 0.13716 0.005)
(-0.030484 0.13716 0.005)
(-0.015242 0.13716 0.005)
(0 0.13716 0.005)
(-0.15242 0.1524 0.005)
(-0.137178 0.1524 0.005)
(-0.121936 0.1524 0.005)
(-0.106694 0.1524 0.005)
(-0.091452 0.1524 0.005)
(-0.07621 0.1524 0.005)
(-0.060968 0.1524 0.005)
(-0.045726 0.1524 0.005)
(-0.030484 0.1524 0.005)
(-0.015242 0.1524 0.005)
(0 0.1524 0.005)
(0.03048 0.005964 -0.005)
(0.06096 0.011928 -0.005)
(0.09144 0.017892 -0.005)
(0.12192 0.023856 -0.005)
(0.1524 0.02982 -0.005)
(0.18288 0.035784 -0.005)
(0.21336 0.041748 -0.005)
(0.24384 0.047712 -0.005)
(0.27432 0.053676 -0.005)
(0.3048 0.05964 -0.005)
(0.03048 0.0206076 -0.005)
(0.06096 0.0259752 -0.005)
(0.09144 0.0313428 -0.005)
(0.12192 0.0367104 -0.005)
(0.1524 0.042078 -0.005)
(0.18288 0.0474456 -0.005)
(0.21336 0.0528132 -0.005)
(0.24384 0.0581808 -0.005)
(0.27432 0.0635484 -0.005)
(0.3048 0.068916 -0.005)
(0.03048 0.0352512 -0.005)
(0.06096 0.0400224 -0.005)
(0.09144 0.0447936 -0.005)
(0.12192 0.0495648 -0.005)
(0.1524 0.054336 -0.005)
(0.18288 0.0591072 -0.005)
(0.21336 0.0638784 -0.005)
(0.24384 0.0686496 -0.005)
(0.27432 0.0734208 -0.005)
(0.3048 0.078192 -0.005)
(0.03048 0.0498948 -0.005)
(0.06096 0.0540696 -0.005)
(0.09144 0.0582444 -0.005)
(0.12192 0.0624192 -0.005)
(0.1524 0.066594 -0.005)
(0.18288 0.0707688 -0.005)
(0.21336 0.0749436 -0.005)
(0.24384 0.0791184 -0.005)
(0.27432 0.0832932 -0.005)
(0.3048 0.087468 -0.005)
(0.03048 0.0645384 -0.005)
(0.06096 0.0681168 -0.005)
(0.09144 0.0716952 -0.005)
(0.12192 0.0752736 -0.005)
(0.1524 0.078852 -0.005)
(0.18288 0.0824304 -0.005)
(0.21336 0.0860088 -0.005)
(0.24384 0.0895872 -0.005)
(0.27432 0.0931656 -0.005)
(0.3048 0.096744 -0.005)
(0.03048 0.079182 -0.005)
(0.06096 0.082164 -0.005)
(0.09144 0.085146 -0.005)
(0.12192 0.088128 -0.005)
(0.1524 0.09111 -0.005)
(0.18288 0.094092 -0.005)
(0.21336 0.097074 -0.005)
(0.24384 0.100056 -0.005)
(0.27432 0.103038 -0.005)
(0.3048 0.10602 -0.005)
(0.03048 0.0938256 -0.005)
(0.06096 0.0962112 -0.005)
(0.09144 0.0985968 -0.005)
(0.12192 0.1009824 -0.005)
(0.1524 0.103368 -0.005)
(0.18288 0.1057536 -0.005)
(0.21336 0.1081392 -0.005)
(0.24384 0.1105248 -0.005)
(0.27432 0.1129104 -0.005)
(0.3048 0.115296 -0.005)
(0.03048 0.1084692 -0.005)
(0.06096 0.1102584 -0.005)
(0.09144 0.1120476 -0.005)
(0.12192 0.1138368 -0.005)
(0.1524 0.115626 -0.005)
(0.18288 0.1174152 -0.005)
(0.21336 0.1192044 -0.005)
(0.24384 0.1209936 -0.005)
(0.27432 0.1227828 -0.005)
(0.3048 0.124572 -0.005)
(0.03048 0.1231128 -0.005)
(0.06096 0.1243056 -0.005)
(0.09144 0.1254984 -0.005)
(0.12192 0.1266912 -0.005)
(0.1524 0.127884 -0.005)
(0.18288 0.1290768 -0.005)
(0.21336 0.1302696 -0.005)
(0.24384 0.1314624 -0.005)
(0.27432 0.1326552 -0.005)
(0.3048 0.133848 -0.005)
(0.03048 0.1377564 -0.005)
(0.06096 0.1383528 -0.005)
(0.09144 0.1389492 -0.005)
(0.12192 0.1395456 -0.005)
(0.1524 0.140142 -0.005)
(0.18288 0.1407384 -0.005)
(0.21336 0.1413348 -0.005)
(0.24384 0.1419312 -0.005)
(0.27432 0.1425276 -0.005)
(0.3048 0.143124 -0.005)
(0.03048 0.1524 -0.005)
(0.06096 0.1524 -0.005)
(0.09144 0.1524 -0.005)
(0.12192 0.1524 -0.005)
(0.1524 0.1524 -0.005)
(0.18288 0.1524 -0.005)
(0.21336 0.1524 -0.005)
(0.24384 0.1524 -0.005)
(0.27432 0.1524 -0.005)
(0.3048 0.1524 -0.005)
(0.03048 0.005964 0.005)
(0.06096 0.011928 0.005)
(0.09144 0.017892 0.005)
(0.12192 0.023856 0.005)
(0.1524 0.02982 0.005)
(0.18288 0.035784 0.005)
(0.21336 0.041748 0.005)
(0.24384 0.047712 0.005)
(0.27432 0.053676 0.005)
(0.3048 0.05964 0.005)
(0.03048 0.0206076 0.005)
(0.06096 0.0259752 0.005)
(0.09144 0.0313428 0.005)
(0.12192 0.0367104 0.005)
(0.1524 0.042078 0.005)
(0.18288 0.0474456 0.005)
(0.21336 0.0528132 0.005)
(0.24384 0.0581808 0.005)
(0.27432 0.0635484 0.005)
(0.3048 0.068916 0.005)
(0.03048 0.0352512 0.005)
(0.06096 0.0400224 0.005)
(0.09144 0.0447936 0.005)
(0.12192 0.0495648 0.005)
(0.1524 0.054336 0.005)
(0.18288 0.0591072 0.005)
(0.21336 0.0638784 0.005)
(0.24384 0.0686496 0.005)
(0.27432 0.0734208 0.005)
(0.3048 0.078192 0.005)
(0.03048 0.0498948 0.005)
(0.06096 0.0540696 0.005)
(0.09144 0.0582444 0.005)
(0.12192 0.0624192 0.005)
(0.1524 0.066594 0.005)
(0.18288 0.0707688 0.005)
(0.21336 0.0749436 0.005)
(0.24384 0.0791184 0.005)
(0.27432 0.0832932 0.005)
(0.3048 0.087468 0.005)
(0.03048 0.0645384 0.005)
(0.06096 0.0681168 0.005)
(0.09144 0.0716952 0.005)
(0.12192 0.0752736 0.005)
(0.1524 0.078852 0.005)
(0.18288 0.0824304 0.005)
(0.21336 0.0860088 0.005)
(0.24384 0.0895872 0.005)
(0.27432 0.0931656 0.005)
(0.3048 0.096744 0.005)
(0.03048 0.079182 0.005)
(0.06096 0.082164 0.005)
(0.09144 0.085146 0.005)
(0.12192 0.088128 0.005)
(0.1524 0.09111 0.005)
(0.18288 0.094092 0.005)
(0.21336 0.097074 0.005)
(0.24384 0.100056 0.005)
(0.27432 0.103038 0.005)
(0.3048 0.10602 0.005)
(0.03048 0.0938256 0.005)
(0.06096 0.0962112 0.005)
(0.09144 0.0985968 0.005)
(0.12192 0.1009824 0.005)
(0.1524 0.103368 0.005)
(0.18288 0.1057536 0.005)
(0.21336 0.1081392 0.005)
(0.24384 0.1105248 0.005)
(0.27432 0.1129104 0.005)
(0.3048 0.115296 0.005)
(0.03048 0.1084692 0.005)
(0.06096 0.1102584 0.005)
(0.09144 0.1120476 0.005)
(0.12192 0.1138368 0.005)
(0.1524 0.115626 0.005)
(0.18288 0.1174152 0.005)
(0.21336 0.1192044 0.005)
(0.24384 0.1209936 0.005)
(0.27432 0.1227828 0.005)
(0.3048 0.124572 0.005)
(0.03048 0.1231128 0.005)
(0.06096 0.1243056 0.005)
(0.09144 0.1254984 0.005)
(0.12192 0.1266912 0.005)
(0.1524 0.127884 0.005)
(0.18288 0.1290768 0.005)
(0.21336 0.1302696 0.005)
(0.24384 0.1314624 0.005)
(0.27432 0.1326552 0.005)
(0.3048 0.133848 0.005)
(0.03048 0.1377564 0.005)
(0.06096 0.1383528 0.005)
(0.09144 0.1389492 0.005)
(0.12192 0.1395456 0.005)
(0.1524 0.140142 0.005)
(0.18288 0.1407384 0.005)
(0.21336 0.1413348 0.005)
(0.24384 0.1419312 0.005)
(0.27432 0.1425276 0.005)
(0.3048 0.143124 0.005)
(0.03048 0.1524 0.005)
(0.06096 0.1524 0.005)
(0.09144 0.1524 0.005)
(0.12192 0.1524 0.005)
(0.1524 0.1524 0.005)
(0.18288 0.1524 0.005)
(0.21336 0.1524 0.005)
(0.24384 0.1524 0.005)
(0.27432 0.1524 0.005)
(0.3048 0.1524 0.005)
)


// ************************************************************************* //
