/*--------------------------------*- C++ -*----------------------------------*\
  =========                 |
  \\      /  F ield         | OpenFOAM: The Open Source CFD Toolbox
   \\    /   O peration     | Website:  https://openfoam.org
    \\  /    A nd           | Version:  10
     \\/     M anipulation  |
\*---------------------------------------------------------------------------*/
FoamFile
{
    format      ascii;
    class       vectorField;
    location    "constant/polyMesh";
    object      points;
}
// * * * * * * * * * * * * * * * * * * * * * * * * * * * * * * * * * * * * * //


252
(
(0 0 0)
(0.205 0 0)
(0.41 0 0)
(0.615 0 0)
(0.82 0 0)
(1.025 0 0)
(1.23 0 0)
(1.435 0 0)
(1.64 0 0)
(1.845 0 0)
(2.05 0 0)
(2.255 0 0)
(2.46 0 0)
(2.665 0 0)
(2.87 0 0)
(3.075 0 0)
(3.28 0 0)
(3.485 0 0)
(3.69 0 0)
(3.895 0 0)
(4.1 0 0)
(0 0.2 0)
(0.205 0.2 0)
(0.41 0.2 0)
(0.615 0.2 0)
(0.82 0.2 0)
(1.025 0.2 0)
(1.23 0.2 0)
(1.435 0.2 0)
(1.64 0.2 0)
(1.845 0.2 0)
(2.05 0.2 0)
(2.255 0.2 0)
(2.46 0.2 0)
(2.665 0.2 0)
(2.87 0.2 0)
(3.075 0.2 0)
(3.28 0.2 0)
(3.485 0.2 0)
(3.69 0.2 0)
(3.895 0.2 0)
(4.1 0.2 0)
(0 0.4 0)
(0.205 0.4 0)
(0.41 0.4 0)
(0.615 0.4 0)
(0.82 0.4 0)
(1.025 0.4 0)
(1.23 0.4 0)
(1.435 0.4 0)
(1.64 0.4 0)
(1.845 0.4 0)
(2.05 0.4 0)
(2.255 0.4 0)
(2.46 0.4 0)
(2.665 0.4 0)
(2.87 0.4 0)
(3.075 0.4 0)
(3.28 0.4 0)
(3.485 0.4 0)
(3.69 0.4 0)
(3.895 0.4 0)
(4.1 0.4 0)
(0 0.6 0)
(0.205 0.6 0)
(0.41 0.6 0)
(0.615 0.6 0)
(0.82 0.6 0)
(1.025 0.6 0)
(1.23 0.6 0)
(1.435 0.6 0)
(1.64 0.6 0)
(1.845 0.6 0)
(2.05 0.6 0)
(2.255 0.6 0)
(2.46 0.6 0)
(2.665 0.6 0)
(2.87 0.6 0)
(3.075 0.6 0)
(3.28 0.6 0)
(3.485 0.6 0)
(3.69 0.6 0)
(3.895 0.6 0)
(4.1 0.6 0)
(0 0.8 0)
(0.205 0.8 0)
(0.41 0.8 0)
(0.615 0.8 0)
(0.82 0.8 0)
(1.025 0.8 0)
(1.23 0.8 0)
(1.435 0.8 0)
(1.64 0.8 0)
(1.845 0.8 0)
(2.05 0.8 0)
(2.255 0.8 0)
(2.46 0.8 0)
(2.665 0.8 0)
(2.87 0.8 0)
(3.075 0.8 0)
(3.28 0.8 0)
(3.485 0.8 0)
(3.69 0.8 0)
(3.895 0.8 0)
(4.1 0.8 0)
(0 1 0)
(0.205 1 0)
(0.41 1 0)
(0.615 1 0)
(0.82 1 0)
(1.025 1 0)
(1.23 1 0)
(1.435 1 0)
(1.64 1 0)
(1.845 1 0)
(2.05 1 0)
(2.255 1 0)
(2.46 1 0)
(2.665 1 0)
(2.87 1 0)
(3.075 1 0)
(3.28 1 0)
(3.485 1 0)
(3.69 1 0)
(3.895 1 0)
(4.1 1 0)
(0 0 0.1)
(0.205 0 0.1)
(0.41 0 0.1)
(0.615 0 0.1)
(0.82 0 0.1)
(1.025 0 0.1)
(1.23 0 0.1)
(1.435 0 0.1)
(1.64 0 0.1)
(1.845 0 0.1)
(2.05 0 0.1)
(2.255 0 0.1)
(2.46 0 0.1)
(2.665 0 0.1)
(2.87 0 0.1)
(3.075 0 0.1)
(3.28 0 0.1)
(3.485 0 0.1)
(3.69 0 0.1)
(3.895 0 0.1)
(4.1 0 0.1)
(0 0.2 0.1)
(0.205 0.2 0.1)
(0.41 0.2 0.1)
(0.615 0.2 0.1)
(0.82 0.2 0.1)
(1.025 0.2 0.1)
(1.23 0.2 0.1)
(1.435 0.2 0.1)
(1.64 0.2 0.1)
(1.845 0.2 0.1)
(2.05 0.2 0.1)
(2.255 0.2 0.1)
(2.46 0.2 0.1)
(2.665 0.2 0.1)
(2.87 0.2 0.1)
(3.075 0.2 0.1)
(3.28 0.2 0.1)
(3.485 0.2 0.1)
(3.69 0.2 0.1)
(3.895 0.2 0.1)
(4.1 0.2 0.1)
(0 0.4 0.1)
(0.205 0.4 0.1)
(0.41 0.4 0.1)
(0.615 0.4 0.1)
(0.82 0.4 0.1)
(1.025 0.4 0.1)
(1.23 0.4 0.1)
(1.435 0.4 0.1)
(1.64 0.4 0.1)
(1.845 0.4 0.1)
(2.05 0.4 0.1)
(2.255 0.4 0.1)
(2.46 0.4 0.1)
(2.665 0.4 0.1)
(2.87 0.4 0.1)
(3.075 0.4 0.1)
(3.28 0.4 0.1)
(3.485 0.4 0.1)
(3.69 0.4 0.1)
(3.895 0.4 0.1)
(4.1 0.4 0.1)
(0 0.6 0.1)
(0.205 0.6 0.1)
(0.41 0.6 0.1)
(0.615 0.6 0.1)
(0.82 0.6 0.1)
(1.025 0.6 0.1)
(1.23 0.6 0.1)
(1.435 0.6 0.1)
(1.64 0.6 0.1)
(1.845 0.6 0.1)
(2.05 0.6 0.1)
(2.255 0.6 0.1)
(2.46 0.6 0.1)
(2.665 0.6 0.1)
(2.87 0.6 0.1)
(3.075 0.6 0.1)
(3.28 0.6 0.1)
(3.485 0.6 0.1)
(3.69 0.6 0.1)
(3.895 0.6 0.1)
(4.1 0.6 0.1)
(0 0.8 0.1)
(0.205 0.8 0.1)
(0.41 0.8 0.1)
(0.615 0.8 0.1)
(0.82 0.8 0.1)
(1.025 0.8 0.1)
(1.23 0.8 0.1)
(1.435 0.8 0.1)
(1.64 0.8 0.1)
(1.845 0.8 0.1)
(2.05 0.8 0.1)
(2.255 0.8 0.1)
(2.46 0.8 0.1)
(2.665 0.8 0.1)
(2.87 0.8 0.1)
(3.075 0.8 0.1)
(3.28 0.8 0.1)
(3.485 0.8 0.1)
(3.69 0.8 0.1)
(3.895 0.8 0.1)
(4.1 0.8 0.1)
(0 1 0.1)
(0.205 1 0.1)
(0.41 1 0.1)
(0.615 1 0.1)
(0.82 1 0.1)
(1.025 1 0.1)
(1.23 1 0.1)
(1.435 1 0.1)
(1.64 1 0.1)
(1.845 1 0.1)
(2.05 1 0.1)
(2.255 1 0.1)
(2.46 1 0.1)
(2.665 1 0.1)
(2.87 1 0.1)
(3.075 1 0.1)
(3.28 1 0.1)
(3.485 1 0.1)
(3.69 1 0.1)
(3.895 1 0.1)
(4.1 1 0.1)
)


// ************************************************************************* //
