/*--------------------------------*- C++ -*----------------------------------*\
  =========                 |
  \\      /  F ield         | OpenFOAM: The Open Source CFD Toolbox
   \\    /   O peration     | Website:  https://openfoam.org
    \\  /    A nd           | Version:  10
     \\/     M anipulation  |
\*---------------------------------------------------------------------------*/
FoamFile
{
    format      ascii;
    class       regIOobject;
    location    "constant/polyMesh";
    object      cellZones;
}
// * * * * * * * * * * * * * * * * * * * * * * * * * * * * * * * * * * * * * //

1
(
obstacleCell
{
    type cellZone;
cellLabels      List<label> 
1248
(
16
17
18
48
49
50
80
81
82
112
113
114
144
145
146
176
177
178
208
209
210
240
241
242
272
273
274
304
305
306
336
337
338
368
369
370
400
401
402
1040
1041
1042
1072
1073
1074
1104
1105
1106
1136
1137
1138
1168
1169
1170
1200
1201
1202
1232
1233
1234
1264
1265
1266
1296
1297
1298
1328
1329
1330
1360
1361
1362
1392
1393
1394
1424
1425
1426
2064
2065
2066
2096
2097
2098
2128
2129
2130
2160
2161
2162
2192
2193
2194
2224
2225
2226
2256
2257
2258
2288
2289
2290
2320
2321
2322
2352
2353
2354
2384
2385
2386
2416
2417
2418
2448
2449
2450
3088
3089
3090
3120
3121
3122
3152
3153
3154
3184
3185
3186
3216
3217
3218
3248
3249
3250
3280
3281
3282
3312
3313
3314
3344
3345
3346
3376
3377
3378
3408
3409
3410
3440
3441
3442
3472
3473
3474
4112
4113
4114
4144
4145
4146
4176
4177
4178
4208
4209
4210
4240
4241
4242
4272
4273
4274
4304
4305
4306
4336
4337
4338
4368
4369
4370
4400
4401
4402
4432
4433
4434
4464
4465
4466
4496
4497
4498
5136
5137
5138
5168
5169
5170
5200
5201
5202
5232
5233
5234
5264
5265
5266
5296
5297
5298
5328
5329
5330
5360
5361
5362
5392
5393
5394
5424
5425
5426
5456
5457
5458
5488
5489
5490
5520
5521
5522
6160
6161
6162
6192
6193
6194
6224
6225
6226
6256
6257
6258
6288
6289
6290
6320
6321
6322
6352
6353
6354
6384
6385
6386
6416
6417
6418
6448
6449
6450
6480
6481
6482
6512
6513
6514
6544
6545
6546
7184
7185
7186
7216
7217
7218
7248
7249
7250
7280
7281
7282
7312
7313
7314
7344
7345
7346
7376
7377
7378
7408
7409
7410
7440
7441
7442
7472
7473
7474
7504
7505
7506
7536
7537
7538
7568
7569
7570
8208
8209
8210
8240
8241
8242
8272
8273
8274
8304
8305
8306
8336
8337
8338
8368
8369
8370
8400
8401
8402
8432
8433
8434
8464
8465
8466
8496
8497
8498
8528
8529
8530
8560
8561
8562
8592
8593
8594
9232
9233
9234
9264
9265
9266
9296
9297
9298
9328
9329
9330
9360
9361
9362
9392
9393
9394
9424
9425
9426
9456
9457
9458
9488
9489
9490
9520
9521
9522
9552
9553
9554
9584
9585
9586
9616
9617
9618
10256
10257
10258
10288
10289
10290
10320
10321
10322
10352
10353
10354
10384
10385
10386
10416
10417
10418
10448
10449
10450
10480
10481
10482
10512
10513
10514
10544
10545
10546
10576
10577
10578
10608
10609
10610
10640
10641
10642
11280
11281
11282
11312
11313
11314
11344
11345
11346
11376
11377
11378
11408
11409
11410
11440
11441
11442
11472
11473
11474
11504
11505
11506
11536
11537
11538
11568
11569
11570
11600
11601
11602
11632
11633
11634
11664
11665
11666
12304
12305
12306
12336
12337
12338
12368
12369
12370
12400
12401
12402
12432
12433
12434
12464
12465
12466
12496
12497
12498
12528
12529
12530
12560
12561
12562
12592
12593
12594
12624
12625
12626
12656
12657
12658
12688
12689
12690
13328
13329
13330
13360
13361
13362
13392
13393
13394
13424
13425
13426
13456
13457
13458
13488
13489
13490
13520
13521
13522
13552
13553
13554
13584
13585
13586
13616
13617
13618
13648
13649
13650
13680
13681
13682
13712
13713
13714
14352
14353
14354
14384
14385
14386
14416
14417
14418
14448
14449
14450
14480
14481
14482
14512
14513
14514
14544
14545
14546
14576
14577
14578
14608
14609
14610
14640
14641
14642
14672
14673
14674
14704
14705
14706
14736
14737
14738
15376
15377
15378
15408
15409
15410
15440
15441
15442
15472
15473
15474
15504
15505
15506
15536
15537
15538
15568
15569
15570
15600
15601
15602
15632
15633
15634
15664
15665
15666
15696
15697
15698
15728
15729
15730
15760
15761
15762
16400
16401
16402
16432
16433
16434
16464
16465
16466
16496
16497
16498
16528
16529
16530
16560
16561
16562
16592
16593
16594
16624
16625
16626
16656
16657
16658
16688
16689
16690
16720
16721
16722
16752
16753
16754
16784
16785
16786
17424
17425
17426
17456
17457
17458
17488
17489
17490
17520
17521
17522
17552
17553
17554
17584
17585
17586
17616
17617
17618
17648
17649
17650
17680
17681
17682
17712
17713
17714
17744
17745
17746
17776
17777
17778
17808
17809
17810
18448
18449
18450
18480
18481
18482
18512
18513
18514
18544
18545
18546
18576
18577
18578
18608
18609
18610
18640
18641
18642
18672
18673
18674
18704
18705
18706
18736
18737
18738
18768
18769
18770
18800
18801
18802
18832
18833
18834
19472
19473
19474
19504
19505
19506
19536
19537
19538
19568
19569
19570
19600
19601
19602
19632
19633
19634
19664
19665
19666
19696
19697
19698
19728
19729
19730
19760
19761
19762
19792
19793
19794
19824
19825
19826
19856
19857
19858
20496
20497
20498
20528
20529
20530
20560
20561
20562
20592
20593
20594
20624
20625
20626
20656
20657
20658
20688
20689
20690
20720
20721
20722
20752
20753
20754
20784
20785
20786
20816
20817
20818
20848
20849
20850
20880
20881
20882
21520
21521
21522
21552
21553
21554
21584
21585
21586
21616
21617
21618
21648
21649
21650
21680
21681
21682
21712
21713
21714
21744
21745
21746
21776
21777
21778
21808
21809
21810
21840
21841
21842
21872
21873
21874
21904
21905
21906
22544
22545
22546
22576
22577
22578
22608
22609
22610
22640
22641
22642
22672
22673
22674
22704
22705
22706
22736
22737
22738
22768
22769
22770
22800
22801
22802
22832
22833
22834
22864
22865
22866
22896
22897
22898
22928
22929
22930
23568
23569
23570
23600
23601
23602
23632
23633
23634
23664
23665
23666
23696
23697
23698
23728
23729
23730
23760
23761
23762
23792
23793
23794
23824
23825
23826
23856
23857
23858
23888
23889
23890
23920
23921
23922
23952
23953
23954
24592
24593
24594
24624
24625
24626
24656
24657
24658
24688
24689
24690
24720
24721
24722
24752
24753
24754
24784
24785
24786
24816
24817
24818
24848
24849
24850
24880
24881
24882
24912
24913
24914
24944
24945
24946
24976
24977
24978
25616
25617
25618
25648
25649
25650
25680
25681
25682
25712
25713
25714
25744
25745
25746
25776
25777
25778
25808
25809
25810
25840
25841
25842
25872
25873
25874
25904
25905
25906
25936
25937
25938
25968
25969
25970
26000
26001
26002
26640
26641
26642
26672
26673
26674
26704
26705
26706
26736
26737
26738
26768
26769
26770
26800
26801
26802
26832
26833
26834
26864
26865
26866
26896
26897
26898
26928
26929
26930
26960
26961
26962
26992
26993
26994
27024
27025
27026
27664
27665
27666
27696
27697
27698
27728
27729
27730
27760
27761
27762
27792
27793
27794
27824
27825
27826
27856
27857
27858
27888
27889
27890
27920
27921
27922
27952
27953
27954
27984
27985
27986
28016
28017
28018
28048
28049
28050
28688
28689
28690
28720
28721
28722
28752
28753
28754
28784
28785
28786
28816
28817
28818
28848
28849
28850
28880
28881
28882
28912
28913
28914
28944
28945
28946
28976
28977
28978
29008
29009
29010
29040
29041
29042
29072
29073
29074
29712
29713
29714
29744
29745
29746
29776
29777
29778
29808
29809
29810
29840
29841
29842
29872
29873
29874
29904
29905
29906
29936
29937
29938
29968
29969
29970
30000
30001
30002
30032
30033
30034
30064
30065
30066
30096
30097
30098
30736
30737
30738
30768
30769
30770
30800
30801
30802
30832
30833
30834
30864
30865
30866
30896
30897
30898
30928
30929
30930
30960
30961
30962
30992
30993
30994
31024
31025
31026
31056
31057
31058
31088
31089
31090
31120
31121
31122
31760
31761
31762
31792
31793
31794
31824
31825
31826
31856
31857
31858
31888
31889
31890
31920
31921
31922
31952
31953
31954
31984
31985
31986
32016
32017
32018
32048
32049
32050
32080
32081
32082
32112
32113
32114
32144
32145
32146
)
;
}
)

// ************************************************************************* //
