/*--------------------------------*- C++ -*----------------------------------*\
  =========                 |
  \\      /  F ield         | OpenFOAM: The Open Source CFD Toolbox
   \\    /   O peration     | Website:  https://openfoam.org
    \\  /    A nd           | Version:  10
     \\/     M anipulation  |
\*---------------------------------------------------------------------------*/
FoamFile
{
    format      ascii;
    class       vectorField;
    location    "constant/polyMesh";
    object      points;
}
// * * * * * * * * * * * * * * * * * * * * * * * * * * * * * * * * * * * * * //


242
(
(0 0 0)
(0.0001 0 0)
(0.0002 0 0)
(0.0003 0 0)
(0.0004 0 0)
(0.0005 0 0)
(0.0006 0 0)
(0.0007 0 0)
(0.0008 0 0)
(0.0009 0 0)
(0.001 0 0)
(0 0.0001 0)
(0.0001 0.0001 0)
(0.0002 0.0001 0)
(0.0003 0.0001 0)
(0.0004 0.0001 0)
(0.0005 0.0001 0)
(0.0006 0.0001 0)
(0.0007 0.0001 0)
(0.0008 0.0001 0)
(0.0009 0.0001 0)
(0.001 0.0001 0)
(0 0.0002 0)
(0.0001 0.0002 0)
(0.0002 0.0002 0)
(0.0003 0.0002 0)
(0.0004 0.0002 0)
(0.0005 0.0002 0)
(0.0006 0.0002 0)
(0.0007 0.0002 0)
(0.0008 0.0002 0)
(0.0009 0.0002 0)
(0.001 0.0002 0)
(0 0.0003 0)
(0.0001 0.0003 0)
(0.0002 0.0003 0)
(0.0003 0.0003 0)
(0.0004 0.0003 0)
(0.0005 0.0003 0)
(0.0006 0.0003 0)
(0.0007 0.0003 0)
(0.0008 0.0003 0)
(0.0009 0.0003 0)
(0.001 0.0003 0)
(0 0.0004 0)
(0.0001 0.0004 0)
(0.0002 0.0004 0)
(0.0003 0.0004 0)
(0.0004 0.0004 0)
(0.0005 0.0004 0)
(0.0006 0.0004 0)
(0.0007 0.0004 0)
(0.0008 0.0004 0)
(0.0009 0.0004 0)
(0.001 0.0004 0)
(0 0.0005 0)
(0.0001 0.0005 0)
(0.0002 0.0005 0)
(0.0003 0.0005 0)
(0.0004 0.0005 0)
(0.0005 0.0005 0)
(0.0006 0.0005 0)
(0.0007 0.0005 0)
(0.0008 0.0005 0)
(0.0009 0.0005 0)
(0.001 0.0005 0)
(0 0.0006 0)
(0.0001 0.0006 0)
(0.0002 0.0006 0)
(0.0003 0.0006 0)
(0.0004 0.0006 0)
(0.0005 0.0006 0)
(0.0006 0.0006 0)
(0.0007 0.0006 0)
(0.0008 0.0006 0)
(0.0009 0.0006 0)
(0.001 0.0006 0)
(0 0.0007 0)
(0.0001 0.0007 0)
(0.0002 0.0007 0)
(0.0003 0.0007 0)
(0.0004 0.0007 0)
(0.0005 0.0007 0)
(0.0006 0.0007 0)
(0.0007 0.0007 0)
(0.0008 0.0007 0)
(0.0009 0.0007 0)
(0.001 0.0007 0)
(0 0.0008 0)
(0.0001 0.0008 0)
(0.0002 0.0008 0)
(0.0003 0.0008 0)
(0.0004 0.0008 0)
(0.0005 0.0008 0)
(0.0006 0.0008 0)
(0.0007 0.0008 0)
(0.0008 0.0008 0)
(0.0009 0.0008 0)
(0.001 0.0008 0)
(0 0.0009 0)
(0.0001 0.0009 0)
(0.0002 0.0009 0)
(0.0003 0.0009 0)
(0.0004 0.0009 0)
(0.0005 0.0009 0)
(0.0006 0.0009 0)
(0.0007 0.0009 0)
(0.0008 0.0009 0)
(0.0009 0.0009 0)
(0.001 0.0009 0)
(0 0.001 0)
(0.0001 0.001 0)
(0.0002 0.001 0)
(0.0003 0.001 0)
(0.0004 0.001 0)
(0.0005 0.001 0)
(0.0006 0.001 0)
(0.0007 0.001 0)
(0.0008 0.001 0)
(0.0009 0.001 0)
(0.001 0.001 0)
(0 0 1e-05)
(0.0001 0 1e-05)
(0.0002 0 1e-05)
(0.0003 0 1e-05)
(0.0004 0 1e-05)
(0.0005 0 1e-05)
(0.0006 0 1e-05)
(0.0007 0 1e-05)
(0.0008 0 1e-05)
(0.0009 0 1e-05)
(0.001 0 1e-05)
(0 0.0001 1e-05)
(0.0001 0.0001 1e-05)
(0.0002 0.0001 1e-05)
(0.0003 0.0001 1e-05)
(0.0004 0.0001 1e-05)
(0.0005 0.0001 1e-05)
(0.0006 0.0001 1e-05)
(0.0007 0.0001 1e-05)
(0.0008 0.0001 1e-05)
(0.0009 0.0001 1e-05)
(0.001 0.0001 1e-05)
(0 0.0002 1e-05)
(0.0001 0.0002 1e-05)
(0.0002 0.0002 1e-05)
(0.0003 0.0002 1e-05)
(0.0004 0.0002 1e-05)
(0.0005 0.0002 1e-05)
(0.0006 0.0002 1e-05)
(0.0007 0.0002 1e-05)
(0.0008 0.0002 1e-05)
(0.0009 0.0002 1e-05)
(0.001 0.0002 1e-05)
(0 0.0003 1e-05)
(0.0001 0.0003 1e-05)
(0.0002 0.0003 1e-05)
(0.0003 0.0003 1e-05)
(0.0004 0.0003 1e-05)
(0.0005 0.0003 1e-05)
(0.0006 0.0003 1e-05)
(0.0007 0.0003 1e-05)
(0.0008 0.0003 1e-05)
(0.0009 0.0003 1e-05)
(0.001 0.0003 1e-05)
(0 0.0004 1e-05)
(0.0001 0.0004 1e-05)
(0.0002 0.0004 1e-05)
(0.0003 0.0004 1e-05)
(0.0004 0.0004 1e-05)
(0.0005 0.0004 1e-05)
(0.0006 0.0004 1e-05)
(0.0007 0.0004 1e-05)
(0.0008 0.0004 1e-05)
(0.0009 0.0004 1e-05)
(0.001 0.0004 1e-05)
(0 0.0005 1e-05)
(0.0001 0.0005 1e-05)
(0.0002 0.0005 1e-05)
(0.0003 0.0005 1e-05)
(0.0004 0.0005 1e-05)
(0.0005 0.0005 1e-05)
(0.0006 0.0005 1e-05)
(0.0007 0.0005 1e-05)
(0.0008 0.0005 1e-05)
(0.0009 0.0005 1e-05)
(0.001 0.0005 1e-05)
(0 0.0006 1e-05)
(0.0001 0.0006 1e-05)
(0.0002 0.0006 1e-05)
(0.0003 0.0006 1e-05)
(0.0004 0.0006 1e-05)
(0.0005 0.0006 1e-05)
(0.0006 0.0006 1e-05)
(0.0007 0.0006 1e-05)
(0.0008 0.0006 1e-05)
(0.0009 0.0006 1e-05)
(0.001 0.0006 1e-05)
(0 0.0007 1e-05)
(0.0001 0.0007 1e-05)
(0.0002 0.0007 1e-05)
(0.0003 0.0007 1e-05)
(0.0004 0.0007 1e-05)
(0.0005 0.0007 1e-05)
(0.0006 0.0007 1e-05)
(0.0007 0.0007 1e-05)
(0.0008 0.0007 1e-05)
(0.0009 0.0007 1e-05)
(0.001 0.0007 1e-05)
(0 0.0008 1e-05)
(0.0001 0.0008 1e-05)
(0.0002 0.0008 1e-05)
(0.0003 0.0008 1e-05)
(0.0004 0.0008 1e-05)
(0.0005 0.0008 1e-05)
(0.0006 0.0008 1e-05)
(0.0007 0.0008 1e-05)
(0.0008 0.0008 1e-05)
(0.0009 0.0008 1e-05)
(0.001 0.0008 1e-05)
(0 0.0009 1e-05)
(0.0001 0.0009 1e-05)
(0.0002 0.0009 1e-05)
(0.0003 0.0009 1e-05)
(0.0004 0.0009 1e-05)
(0.0005 0.0009 1e-05)
(0.0006 0.0009 1e-05)
(0.0007 0.0009 1e-05)
(0.0008 0.0009 1e-05)
(0.0009 0.0009 1e-05)
(0.001 0.0009 1e-05)
(0 0.001 1e-05)
(0.0001 0.001 1e-05)
(0.0002 0.001 1e-05)
(0.0003 0.001 1e-05)
(0.0004 0.001 1e-05)
(0.0005 0.001 1e-05)
(0.0006 0.001 1e-05)
(0.0007 0.001 1e-05)
(0.0008 0.001 1e-05)
(0.0009 0.001 1e-05)
(0.001 0.001 1e-05)
)


// ************************************************************************* //
